772
781
841
953
1017
1026
1047
1078
1086
1096
1162
1199
1202
1239
1417
1428
1476
1560
1873
2003
2013
2025
2201
2225
2237
2283
2285
2291
2319
2404
2526
2529
2542
2546
2578
2640
2653
2672
2684
2690
2768
2777
2809
2853
2934
2956
3004
3058
3126
3165
3175
3177
3262
3275
3329
3351
3390
3408
3412
3470
3475
3488
3516
3558
3787
3879
3975
4072
4324
4367
4801
4879
4891
5035
5215
5224
5287
5443
5598
5758
5765
5859
5960
6212
6347
7250
7266
7289
7443
7844
8254
8316
8662
9021
9152
9431
9601
9746
10113
10614
11027
11270
11323
11364
11413
11446
11466
11556
12012
12080
12097
12196
12204
12638
12730
12957
13025
13192
13286
13370
13431
13668
13810
14183
14399
14451
14694
14751
15146
15494
15504
15691
15749
15947
16156
16164
16263
16354
16664
17076
17094
17581
17615
17851
17906
18128
18294
18570
19327
19737
19857
19936
20016
20025
20220
20304
20539
20554
20763
20805
20890
21274
21294
21719
22267
22595
23106
23206
23232
23242
23265
23505
23524
23618
23748
23789
23812
24140
24252
25158
25291
25296
25344
25368
25455
25553
25696
25704
25722
25725
25967
25972
25994
26053
26134
26185
26187
26209
26255
26333
26466
26594
26786
26957
27014
27109
27166
27276
27285
27414
27455
27534
27667
27738
27760
27878
27934
27979
27991
27997
28034
28068
28071
28236
28243
28345
28382
28396
28397
28408
28438
28460
28478
28508
28515
28516
28535
28548
28599
28617
28635
28770
28835
28893
28948
28963
29005
29007
29022
29096
29157
29171
29213
29256
29340
29359
29425
29452
29463
29536
29594
29629
29687
29858
29899
29960
29968
29987
30024
30127
30168
30331
30340
30355
30356
30358
30395
30461
30465
30505
30678
30707
30738
30739
30755
30849
30883
30917
30923
30955
30993
31114
31188
31210
31212
31258
31260
31349
31363
31429
31450
31493
31524
31546
31549
31606
31727
31928
31959
31994
32037
32038
32045
32050
32053
32104
32141
32146
32165
32169
32221
32247
32261
32267
32328
32405
32420
32476
32508
32542
32659
32719
32730
32740
32746
32749
32758
32771
32778
32781
32787
32810
32892
32901
32983
33009
33015
33018
33066
33072
33085
33106
33130
33133
33138
33168
33197
33209
33214
33223
33226
33261
33263
33269
33291
33295
33314
33334
33340
33356
33360
33372
33393
33394
33409
33418
33420
33431
33445
33456
33482
33513
33536
33564
33574
33632
33635
33644
33657
33672
33675
33688
33701
33721
33737
33758
33762
33790
33801
33813
33831
33837
