1881
2323
2864
2984
3041
4105
4545
5181
5594
6505
7373
7374
7496
8459
8730
9070
9326
9345
9945
10115
12325
13230
13582
13583
13891
14270
14823
15010
15166
18418
18675
18715
18821
18843
19139
19401
19530
19916
19926
19981
20125
20355
20832
22323
22328
23005
23178
23359
23372
23910
24254
24349
24692
24696
24729
24783
25190
25236
25466
25489
25723
25862
25870
25958
26009
26284
26582
26718
26976
27010
27276
27375
27564
27637
27713
27773
27916
28205
28335
28741
28876
28902
28915
29055
29210
29211
29505
29631
29712
29753
29934
30162
30580
30582
30862
30896
31018
31178
31224
31268
31420
31732
31916
31950
32182
32624
32659
32801
33007
33165
33171
33508
33833
34101
34166
34269
34303
34773
34956
34998
35016
35076
35100
35345
35535
35692
35702
35857
35889
36182
36473
36748
36749
36774
36850
36991
37263
37392
37622
37651
37962
38054
38110
38163
38595
38944
38968
38991
39114
39225
39285
39328
39558
39778
40118
40165
40534
40644
41096
41103
41619
41655
41762
41789
41895
41969
41982
42135
42293
42701
42777
42914
43326
43405
43484
43571
43765
43856
43870
44016
44204
44457
44478
44739
44761
44789
44843
44894
44921
45036
45062
45337
45572
45656
46014
46122
46164
46171
46277
46654
46656
46702
46791
46794
46799
46808
47007
47010
47511
48134
48254
48328
48865
48907
49566
49576
49840
49986
50100
50270
50297
50544
50584
50631
51017
51170
51253
51350
51473
51505
51565
51657
51793
51870
51887
51904
51940
51989
52034
52082
52089
52124
52365
52382
52484
52522
52673
52700
52705
52881
53041
53087
53255
53285
53319
53465
53803
53863
53874
53966
54081
54377
54410
54413
54537
54570
54644
54717
54740
54868
54929
55077
55095
55232
55278
55396
55535
55557
55661
55913
55983
56047
56297
56310
56390
56463
56535
56634
56709
56736
56875
56883
57053
57060
57063
57205
57211
57397
57475
57512
57555
57570
57753
57976
58065
58090
58109
58210
58220
58240
58255
58520
58595
58692
58703
58704
58711
58753
58897
58916
58981
59093
59112
59195
59369
59440
59852
59884
60208
60284
60286
60339
60357
60597
60784
60922
60950
61041
61113
61152
61265
61315
61340
61441
61481
61517
61520
61525
61663
61693
61704
61741
61780
61795
61817
61818
61825
61861
61956
62064
62067
62154
62177
62286
62326
62347
62374
62441
62541
62572
62581
62681
62685
62730
62821
62843
62917
62928
62960
62988
62990
62992
63021
63024
63069
63401
63406
63460
63502
63571
63611
63640
63709
63779
63824
63875
63926
64037
64061
64064
64065
64069
64072
64080
64153
64161
64198
64231
64232
64269
64273
64290
64292
64296
64311
64441
64524
64571
64587
64599
64668
64708
64734
64748
64772
64811
64838
64844
64871
64874
64932
64962
64966
65043
65044
65068
65078
65092
65115
65245
65258
65272
65332
65508
65604
65610
65707
65719
65796
65844
65855
65912
65924
65960
65991
65998
66003
66179
66192
66243
66283
66313
66437
66499
66548
66572
66589
66714
66733
67139
67194
67261
67273
67288
67325
67403
67508
67534
67561
67681
67729
67791
67911
67930
67946
68021
68040
68046
68072
68166
68182
68277
68466
68509
68544
68545
68681
68780
68802
68859
68940
68952
68997
69097
69116
69208
69339
69358
69407
69433
69584
69592
69620
69716
69801
69850
69915
69926
69992
70027
70033
70112
70158
70196
70224
70328
70435
70590
70616
70630
70705
70824
70913
70924
70925
70938
70997
71104
71548
71613
71619
71776
71917
71924
71969
71985
72001
72007
72157
72387
72397
72398
72406
72412
72543
72630
72656
72668
72698
72722
72749
72753
72783
72895
73103
73161
73193
73298
73363
73413
73459
73525
73595
73618
73633
73648
73656
73675
73698
73703
73749
73794
73844
73862
73877
74009
74013
74074
74208
74293
74386
74400
74442
74488
74530
74544
74572
74675
74708
74724
74727
74736
74780
74837
74870
74948
75042
75050
75096
75182
75199
75208
75234
75239
75260
75283
75289
75395
75479
75497
75620
75635
75660
75748
75823
75869
75897
75960
76069
76082
76099
76128
76214
76324
76366
76498
76512
76545
76605
76781
76847
76892
76963
77176
77231
77254
77283
77300
77389
77394
77450
77486
77587
77878
77883
78048
78111
78230
78255
78290
78382
78529
78572
78587
78611
78652
78683
78716
78731
78795
79007
79184
79209
79283
79379
79456
79474
79532
79628
79695
79742
79851
79862
79863
79916
79987
80109
80229
80316
80466
80530
80612
80725
80733
80861
80977
81007
81083
81152
81247
81255
81943
81990
81998
82046
82061
82082
82133
82136
82143
82267
82278
82297
82364
82447
82524
82525
82551
82563
82585
82671
82723
82797
82859
82880
82957
83043
83110
83125
83133
83162
83165
83222
83239
83251
83326
83375
83394
83442
83468
83508
83559
83585
83599
83645
83675
83769
83882
83968
84060
84087
84096
84221
84291
84392
84422
84547
84785
84789
84809
84824
84832
84883
84908
84968
84998
85025
85094
85132
85181
85202
85227
85243
85293
85415
85473
85570
85594
85640
85655
85681
85724
85749
85752
85777
85789
85853
85958
85969
86018
86059
86114
86169
86177
86215
86227
86299
86414
86467
86532
86609
86624
86649
86662
86669
86682
86691
86695
86765
86771
86806
86825
86890
87032
87081
87118
87204
87209
87216
87251
87296
87311
87454
87467
87507
87595
87661
87705
87736
87757
87772
87789
87822
87960
87974
88045
88054
88071
88133
88362
88382
88413
88444
88473
88516
88540
88561
88636
88855
88917
88999
89000
89091
89127
89152
89270
89281
89304
89338
89367
89401
89445
89465
89468
89480
89510
89628
89746
89782
89885
89944
89974
89981
89982
90008
90036
90037
90048
90133
90153
90263
90381
90407
90461
90483
90508
90536
90581
90650
90664
90695
90724
90735
90798
90907
90935
90992
91010
91054
91074
91124
91197
91213
91222
91241
91336
91352
91385
91398
91420
91452
91521
91525
91569
91627
91680
91788
91810
91818
91934
91990
92004
92058
92071
92379
92557
92587
92813
92833
92872
92879
92947
93051
93109
93152
93216
93235
93295
93347
93414
93449
93505
93594
93714
93748
93784
93846
93941
93989
94048
94118
94138
94224
94286
94310
94329
94343
94451
94492
94547
94631
94713
94840
94852
94860
94862
94958
94983
95170
95260
95306
95392
95400
95501
95506
95519
95521
95649
95726
95873
95918
95950
96073
96212
96262
96329
96366
96472
96512
96577
96582
96641
96717
96733
96856
96955
97055
97061
97084
97452
97466
97594
97636
97675
97682
97787
97936
97993
98078
98103
98137
98173
98359
98367
98551
98896
98978
99049
99055
99142
99290
99308
99323
99357
99358
99375
99400
99461
99558
99603
99635
99810
99890
99918
99945
99949
100041
100092
100119
100201
100222
100279
100370
100463
100472
100488
100570
100602
100632
100772
100815
100968
100978
100994
101070
101245
101355
101458
101504
101589
101603
101639
101664
101704
101708
101734
101761
101836
101875
101977
102150
102280
102282
102483
102492
102511
102518
102540
102543
102758
102847
102864
102865
102874
102953
102998
103030
103059
103079
103112
103151
103154
103193
103250
103285
103649
103779
103819
103825
103908
103937
104001
104025
104184
104226
104248
104340
104345
104369
104372
104400
104481
104490
104502
104503
104574
104637
104679
104702
104747
104817
104887
104895
104937
104993
105011
105027
105052
105095
105179
105293
105430
105471
105536
105761
105996
106142
106144
106151
106193
106225
106245
106266
106287
106398
106456
106479
106622
106685
106804
106976
106988
107017
107093
107292
107303
107424
107448
107466
107494
107839
107887
107927
107963
108038
108165
108243
108245
108311
108324
108365
108413
108414
108445
108548
108566
108666
108759
108798
108825
108883
108948
109027
109084
109137
109154
109167
109239
109374
109438
109467
109551
109819
110014
110038
110109
110110
110153
110195
110273
110285
110291
110506
110540
110570
110588
110589
110618
110656
110695
110765
110784
110807
111007
111122
111362
111372
111525
111608
111645
111743
111828
111876
111894
111975
112102
112105
112262
112284
112334
112402
112411
112444
112542
112682
112907
112947
113006
113165
113199
113280
113283
113319
113394
113428
113456
113538
113583
113830
114197
114202
114395
114415
114500
114716
114755
114776
114790
114798
114875
114958
115227
115303
115368
115371
115413
115525
115625
115673
115720
115793
115803
115813
115894
115925
116040
116043
116073
116169
116193
116381
116397
116648
116724
116726
116821
116885
116886
117089
117113
117150
117153
117175
117183
117211
117265
117349
117373
117490
117597
117643
117706
117761
117802
117929
117979
118015
118017
118293
118301
118380
118397
118405
118647
118719
118853
118865
118997
119119
119168
119362
119400
119522
119529
119588
119631
119641
119703
119707
119750
119953
120001
120163
120193
120337
120392
120408
120412
120529
120554
120615
120679
120755
120772
120827
120860
120880
120922
120969
121126
121198
121498
121546
121638
121676
121734
121792
121875
121979
122002
122012
122147
122154
122277
122340
122353
122538
122571
122757
123088
123104
123463
123491
123540
123582
123624
123651
123800
124076
124164
124189
124334
124367
124468
124529
124640
124990
125027
125103
125313
125380
125493
125504
125528
125597
125690
125769
125779
125903
125973
126006
126009
126029
126060
126194
126314
126335
126348
127173
127500
127555
127637
127688
127747
127902
127904
127923
127976
127991
128015
128137
128145
128243
128267
128310
128353
128451
128692
128717
128740
129122
129126
129166
129196
129310
129473
129487
129497
129500
129519
129568
129713
129889
129929
129991
130025
130129
130255
130385
130476
130517
130543
130557
130608
130627
130649
130727
130749
130881
130893
130924
130968
130985
131026
131068
131161
131164
131202
131225
131389
131487
131570
131702
131736
131797
131919
132108
132135
132192
132211
132319
132388
132412
132420
132525
132539
132547
132551
132644
132648
132765
132823
132847
132864
132901
132905
132926
132978
133126
133271
133318
133326
133396
133439
133579
133785
133881
133986
134085
134527
134532
134617
134876
134928
9134894
9134964
9135118
9135161
9135173
9135179
9135214
9135263
9135281
9135292
9135463
9135559
9135578
9135773
9135830
9135846
9135851
9135858
9135913
9135916
9135935
9135941
9135944
9135988
9136015
9136130
9136312
9136515
9136682
9136694
9136718
9136812
9136891
9136905
9136936
9136962
9136978
9137024
9137165
9137209
9137260
9137261
9137290
9137361
9137375
9137386
9137565
9137574
9137605
9137667
9137725
9137727
9137789
9137803
9137978
9137981
9138004
9138058
9138099
9138406
9138429
9138588
9138616
9138654
9138725
9138739
9138790
9138793
9138826
9138840
9138854
9138861
9138875
9138959
9138968
9139007
9139120
9139186
9139195
9139268
9139331
9139422
9139470
9139481
9139517
9139529
9139532
9139535
9139539
9139604
9139703
9139765
9139820
9139878
9139957
9140041
9140115
9140202
9140291
9140306
9140337
9140358
9140415
9140447
9140469
9140491
9140520
9140532
9140677
9140688
9140695
9140717
9140845
9140889
9140914
9140988
9141043
9141117
9141189
9141203
9141300
9141314
9141415
9141486
9141487
9141592
9141604
9141726
9141739
9141757
9141816
9141887
9141926
9141930
9142028
9142082
9142192
9142410
9142452
9142530
9142531
9142606
9142718
9142759
9142834
9142872
9142880
9142920
9142963
9143009
9143222
9143251
9143255
9143309
9143342
9143360
9143387
9143473
9143604
9143609
9143663
9143844
9143908
9143914
9143953
9144066
9144096
9144197
9144215
9144236
9144292
9144317
9144323
9144328
9144422
9144571
9144576
9144628
9144656
9144661
9144941
9144975
9145020
9145022
9145064
9145120
9145166
9145174
9145201
9145333
9145409
9145654
9145685
9145757
9145831
9145836
9145898
9146005
9146074
9146219
9146251
9146293
9146296
9146586
9146617
9146634
9146671
9146715
9146828
9146842
9146890
9146966
9146996
9147042
9147107
9147182
9147231
9147260
9147272
9147273
9147277
9147442
9147510
9147544
9147593
9147602
9147701
9147754
9147810
9147887
9147916
9148006
9148031
9148108
9148148
9148247
9148255
9148262
9148303
9148318
9148537
9148540
9148559
9148646
9148720
9148724
9148778
9148785
9148857
9148878
9148890
9148989
9149061
9149140
9149166
9149179
9149200
9149231
9149236
9149269
9149297
9149330
9149883
9149892
9149905
9150005
9150092
9150124
9150245
9150287
9150304
9150305
9150396
9150431
9150473
9150542
9150633
9150642
9150729
9150737
9150775
9150826
9150878
9150901
9150943
9151049
9151058
9152192
9152293
9152417
9152467
9152486
9152495
9152509
9152536
9152571
9152606
9152616
9152915
9152948
9152973
9153062
9153297
9153304
9153323
9153425
9153630
9153708
9153752
9153767
9153846
9153887
9153989
9154071
9154111
9154146
9154239
9154275
9154277
9154295
9154424
9154427
9154516
9154635
9154659
9154672
9154752
9154850
9154865
9154891
9154904
9155127
9155167
9155284
9155326
9155447
9155676
9155696
9155856
9155868
9155953
9156018
9156039
9156103
9156148
9156180
9156185
9156254
9156277
9156344
9156358
9156389
9156420
9156442
9156529
9156596
9156604
9156622
9156881
9156945
9156997
9157031
9157085
9157139
9157163
9157290
9157306
9157330
9157343
9157388
9157428
9157455
9157471
9157545
9157575
9157644
9157656
9157660
9157730
9157805
9157844
9157912
9157948
9158001
9158065
9158150
9158206
9158240
9158251
9158273
9158301
9158384
9158406
9158427
9158452
9158493
9158525
9158585
9158671
9158718
9158730
9158731
9158733
9158762
9158792
9158794
9158809
9158822
9158868
9158913
9159003
9159074
9159087
9159131
9159133
9159172
9159175
9159197
9159211
9159274
9159302
9159411
9159442
9159454
9159469
9159520
9159584
9159585
9159588
9159596
9159613
9159648
9159714
9159743
9159761
9159850
9159889
9159891
9159905
9159929
9159939
9159961
9159972
9159981
9160003
9160016
9160022
9160037
9160061
9160101
9160126
9160141
9160143
9160158
9160175
9160220
9160260
9160313
9160341
9160390
9160440
9160447
9160449
9160452
9160455
9160529
9160561
9160570
9160651
9160761
9160783
9160785
9160807
9160817
9160850
9160852
9160897
9160954
9160970
9161019
9161020
9161114
9161120
9161147
9161163
9161164
9161182
9161186
9161226
9161231
9161240
9161258
9161289
9161292
9161296
9161310
9161321
9161471
9161510
9161532
9161562
9161567
9161575
9161634
9161687
9161693
9161750
9161778
9161783
9161806
9161826
9161923
9161932
9161940
9161943
9161966
9161992
9162087
9162126
9162131
9162173
9162177
9162200
9162224
9162271
9162325
9162345
9162357
9162382
9162459
9162485
9162528
9162544
9162584
9162623
9162728
9162812
9162854
9162859
9162875
9162882
9162885
9162888
9162889
9162890
