100005
100009
100068
100098
100156
100239
100267
100281
100316
100361
100367
100407
10041
100450
100459
100487
100531
100563
100566
100581
100619
100624
100628
100681
10072
100770
10081
100814
100850
100855
100869
100896
100938
10094
100958
100966
101029
101043
101050
101052
101101
101123
10119
10121
101220
101283
101288
101396
101427
101429
10148
10151
101530
101533
101579
1016
101670
101682
10171
101718
101737
101745
101818
101823
101857
101876
101898
101913
101915
101917
101943
101945
101973
101994
102036
102048
102086
10216
102186
102187
10219
102197
102226
102234
102238
102253
102274
102343
102350
102375
102376
102402
10241
10242
102543
102622
102644
102646
102678
102679
10268
102692
102695
102697
10270
10272
102734
102778
10278
102789
102796
102809
102855
102883
102901
102922
102938
102987
102994
103025
103052
103074
103090
1031
103155
103201
103274
103348
103375
103394
103421
103440
10347
103503
103507
103563
103600
103607
10361
103630
103662
103683
103699
103705
10371
103868
103891
103949
10395
10397
103989
104003
104022
104103
104123
10414
104145
104169
104172
10419
104253
104379
10439
104473
104507
104529
104575
104607
104644
104656
104689
104758
104795
104834
104853
104915
104916
10498
105122
105129
105144
105198
105204
105272
105292
1053
105303
105354
10536
10546
105500
105529
105558
105593
105605
105632
105640
105661
105675
10569
105714
105734
105752
105754
105818
105901
105912
105920
105986
106022
106043
106105
106175
106251
106274
10632
106336
106346
106409
106419
10646
106470
106475
106529
106538
106619
106623
106645
106692
10673
106737
10676
106774
106817
106859
1069
106938
10699
107002
107070
107126
107127
107148
107162
107167
107173
107187
10722
107224
107256
107273
107342
107358
107369
10743
107502
107532
107585
107622
107651
107764
107794
107990
108
108004
108025
108091
108112
10820
108276
108278
108335
108359
108378
108391
108409
108435
108524
108539
108560
108576
108669
108680
108709
108715
108737
10874
108751
108766
108829
10886
10891
10892
108999
109075
109077
109086
109100
10911
109179
109189
109229
109246
109252
109310
109330
109386
109413
109425
109472
109506
109510
109533
109591
10961
109682
10969
109690
109693
109709
109710
10973
109732
109790
109798
109811
109864
109929
109931
109953
110028
110034
110167
110212
110233
110292
110352
110407
110453
110507
110509
110535
110544
110548
110596
110656
110722
110737
110781
110847
110873
110902
110937
11099
110991
111
111047
111180
111202
111238
111280
11132
11133
111336
111374
111414
111436
111447
111451
111476
11148
111493
111501
11157
111584
111629
111642
111656
111664
11168
11170
111731
111734
11174
111752
111759
111787
111791
111840
111898
111967
111990
111993
112000
112045
112049
112098
112101
112109
11211
112155
112160
112174
112223
112250
112377
112378
112382
11242
112422
11246
112505
112537
11254
112540
112545
112604
112615
112749
112831
112870
1129
112983
112984
112996
113047
113125
113128
113226
113289
113303
113324
113344
113358
11338
113401
113468
1135
11355
113555
11358
113640
113679
113716
113750
11377
113772
113779
11378
113866
113905
113916
11395
114005
114057
114078
114123
114193
114237
114253
11426
114262
114272
114305
114322
114324
11433
114344
114419
114512
114524
114531
114533
11458
114605
114614
114626
114632
114656
114660
114675
11469
114697
114710
114715
114736
114852
11486
114920
11494
114951
11502
115028
115043
115044
11508
115081
115088
115113
115122
115213
11540
115436
115451
115522
115532
115565
115568
115586
11559
115678
115703
115768
115797
115802
11584
115854
115915
115924
115981
115984
116019
116138
116188
116192
116199
11626
116319
116326
116338
116351
116369
116417
11642
116490
116491
116544
116553
116575
116592
116666
11667
11669
116691
116699
116716
116790
116838
116885
116887
116902
116953
116977
11700
117003
11701
117072
1171
117157
117182
117186
11719
117235
11726
117274
117276
117286
117371
117451
117462
117526
117558
117594
11770
117716
117734
117795
117816
1179
11790
117901
117912
11796
117960
118006
118058
118065
118067
118082
118167
118194
118200
118217
118254
118329
118343
118410
118445
118458
118487
118569
118596
118610
118646
118719
118739
118783
11883
118830
11884
118929
118941
118978
118983
119112
11912
11921
119236
119247
119256
119257
119262
119346
119360
119385
119397
11943
119474
119537
11954
119577
119635
119676
119687
119708
119714
119737
119774
119816
119819
119845
119868
119880
119925
119969
120051
120065
120066
120084
120118
12020
12028
120289
120291
120311
120312
120358
12037
120386
120417
12045
120452
120461
120491
120518
12054
120580
120647
120699
120708
120753
120756
120769
120772
120773
120777
120779
120852
12087
120893
120931
12098
121033
121048
121080
121116
121135
121172
121218
121228
121238
121278
121286
12132
12135
121367
121438
121454
121481
12149
121513
121551
121570
121593
121630
12164
121646
121652
121696
121730
121842
121889
121938
121944
121967
121972
121974
122091
122149
122157
122227
122264
122269
122282
122328
122360
122384
122410
122420
122452
122522
12253
12262
122663
122680
12271
122774
12282
12283
122849
12287
122953
122984
122997
123002
123018
123045
123110
123140
123203
123212
12323
123236
123237
12326
123283
123312
123320
123348
123352
123383
123398
123400
123404
123450
123500
123518
123549
123563
12357
123589
123608
123647
123678
12370
123754
123767
123812
123820
123871
123893
12391
123942
123975
124002
124014
124032
12406
124079
124159
124190
124232
124292
124317
124338
124374
12443
124457
124471
124472
124479
124572
124704
124752
124771
124799
124825
124867
124919
12492
124992
12500
125020
125025
125107
125124
125205
125302
125344
125420
125500
125506
125559
125580
125599
125608
125610
125630
12568
125717
125801
125874
125888
125947
125974
125979
126000
126018
12602
126032
126050
126089
12611
12614
126141
126213
126228
126276
12628
126348
126369
126377
126378
126470
126473
126493
126506
126534
126549
1266
126644
126645
126672
126674
126730
126734
126752
126757
126796
126806
126886
126888
126892
126991
127006
127037
127065
127141
127167
127172
127173
127179
127316
127360
127397
127421
127439
12747
127523
127632
127643
127690
127709
127727
127753
127755
127795
127840
127861
127977
128041
128074
1281
128104
128192
128222
12825
128279
128405
128431
128593
128620
128629
128651
128724
1288
128809
128921
128925
128943
129028
129096
129112
129179
129189
129190
129257
129274
129277
12928
129287
129292
129293
12931
129456
12948
129565
129606
12965
129659
12973
129738
129757
129763
129796
12983
129840
129860
12988
129882
129949
12996
129975
130
13002
130089
130115
130215
130228
130265
130344
13035
130354
130393
130395
130398
13041
13044
130451
13046
13047
13051
130512
130531
130540
130545
130548
130590
13060
130607
13065
130652
130669
130738
130869
130888
130916
130921
131025
131059
131060
131067
131199
131207
131239
131271
131278
131329
131342
13136
131381
131413
13142
131432
13144
131475
131485
131487
131528
131557
131565
131615
131659
13167
131703
131706
13171
131755
131782
131891
131954
132015
132028
132061
132073
132084
132164
132172
132220
132238
13224
13226
132292
132299
132326
132430
132457
13248
132516
132526
132527
132545
132562
132576
132635
132721
13277
13280
132801
132808
132930
132951
132998
133031
133038
13304
133092
133142
133192
133233
133245
133281
133304
133306
133318
133348
133356
13339
133477
133497
13350
133514
133523
133593
1336
133650
133707
133799
133804
133856
1339
133921
133937
133943
133962
133985
133992
134019
134023
134045
134053
134073
134156
134203
134218
134228
134307
134417
134467
134502
134515
13452
134579
134582
134601
134647
134670
134685
134700
134762
134808
134821
134832
13488
1349
134909
134919
134924
134932
134940
134943
134956
134974
134989
13501
13502
135031
13507
135077
135147
135168
135216
13529
135305
135360
135380
135429
135439
13550
135504
135511
135612
135621
135650
135754
135766
135790
135795
135799
135891
135905
13591
13593
135948
1360
136006
136029
136032
136139
136147
136267
136289
136302
136324
136346
136354
136382
136460
136478
136497
136499
136527
13654
136597
13660
136644
136731
136779
136793
13680
136845
136904
136952
136963
136975
137008
137051
137059
137095
137110
137180
137191
137195
137197
137203
137209
137256
137299
137304
137318
137333
137341
137412
137459
137573
137574
137595
137603
137613
13765
137680
137683
13771
137744
13775
137769
137790
137812
137928
137951
137981
138060
138069
138084
138091
138092
13815
138179
138212
13824
13826
138289
138322
1384
138406
138425
138435
138438
13847
138484
138498
138500
13851
138551
138554
13861
138642
138690
138712
13874
138776
138778
138789
138854
13889
138922
138924
138937
13894
138948
138988
13903
139053
139057
139186
139198
139215
139244
139266
139309
139311
139343
139350
139395
1394
139434
139458
139492
139503
139518
139539
13954
139566
139577
139664
139679
139737
139742
139796
139801
139825
139862
139890
139897
139960
13997
139979
13999
14004
140047
140051
140058
140059
140066
140081
140116
140236
140246
140288
140334
140337
140340
140358
140373
140384
140390
140424
140469
140484
14053
140535
140565
140610
140640
14067
140677
140691
140720
140723
140770
140775
140788
140799
140835
140941
140969
140987
14100
141019
14105
141100
141129
141203
141212
141226
141241
14130
141438
1415
141503
141581
14159
141602
141630
141662
141707
141741
14177
141879
14188
142038
142050
142128
14216
142182
142289
142313
142317
142342
14238
14239
142403
14246
142494
142497
142500
14256
142581
142612
142642
142669
142697
142747
142751
142766
14278
142802
142806
142831
14284
142848
142868
142937
142946
142958
142961
142966
142968
142981
143012
143041
143173
143203
143228
143295
14332
143321
143352
143369
143491
143503
143515
143529
143632
143644
143694
143758
143765
143839
143855
143866
143889
143902
143914
143943
143956
143996
144063
144096
144125
144144
14418
144226
14427
144284
144336
144345
144369
14438
144399
144419
144425
144441
14446
144475
144483
14449
144494
144569
14460
14466
144662
144687
144728
144740
144777
144793
14481
144849
144913
144919
144936
144943
144950
144977
145015
145039
145041
145049
145053
145134
145153
145186
145257
145354
145361
145377
145405
145428
145479
145484
14549
14550
145501
145503
145510
145527
145592
145611
145625
145630
145639
14566
145707
145720
145768
145782
145859
145881
145925
145964
145983
146027
146110
146125
146147
14615
146252
14627
146322
146366
146405
146424
146471
14648
146490
14657
14658
146597
1466
146664
146715
146753
146776
146780
146802
146816
146847
146893
146966
146978
147010
147018
147036
147063
147136
147141
14715
147179
1472
147201
147289
147364
147421
147443
147462
147467
147491
147556
147568
147582
147672
147692
1477
147721
147739
147767
147801
147811
147854
147859
147880
1479
147934
147988
148077
148085
148089
148109
14816
148161
148182
14825
148267
148276
148322
148324
148363
148376
148454
148537
14855
148582
14864
148652
148686
148742
148743
148744
148770
148776
148815
14894
148978
148990
149015
149049
149056
149070
149110
149152
14919
149225
149236
149275
14929
149309
14932
14940
14948
149483
149630
14964
149640
149660
149669
149687
14977
14978
149795
149809
149867
149883
149884
149910
149971
150005
150010
150011
15002
150063
150068
150090
1501
150137
150182
150189
150207
15021
150222
150224
15023
15026
150328
150331
150332
150377
150380
15039
150416
150488
150515
150530
150533
150573
150586
150620
150621
150645
150687
15073
150753
150762
150799
150816
15091
150949
151032
151040
151084
151104
151105
151115
151171
151296
151354
151403
15146
151470
151479
15151
151510
151546
151652
15167
151692
151775
151798
151831
151861
151923
151941
151954
152023
15212
152166
152194
152203
152206
152237
152308
152321
152366
15246
152482
152517
152522
15256
152592
152605
152690
152738
152743
152756
152785
152820
152826
15286
152934
15294
152946
152984
153052
153068
153095
153119
153145
153170
153210
153225
153253
153272
15331
153332
153385
153445
153461
153474
153594
153601
153621
153623
153627
153643
153661
15368
153692
153725
153772
153798
153802
153808
153848
153849
153903
153937
153986
154015
15402
154039
154166
154236
154351
154367
154410
154434
154445
154456
154463
154471
154482
15453
154539
15457
154579
154601
154640
154702
154704
154718
154721
15474
154806
154808
154841
15485
15489
154894
154895
154896
154930
155012
155020
155047
155058
155061
155063
155073
15509
155094
155101
155125
155140
155163
155165
155180
1552
155216
155236
15525
155262
155273
155314
155329
155356
155391
155411
155463
155467
155478
155508
155514
155574
155658
155763
155852
15587
155910
156011
156086
156103
156125
156136
156141
156228
156332
156348
156377
156411
156434
15651
15658
156643
156647
15665
156781
156799
156858
15693
156981
156992
157003
157033
157206
157241
157285
157315
157350
157351
157367
157434
157447
157459
157475
15750
157508
157515
157628
157644
157655
157660
157670
15768
1577
157701
157727
15773
157741
157811
157824
157858
157885
157893
15790
157909
157919
157939
157941
15796
158009
158039
158063
158066
158091
158092
158125
158161
158165
158221
158236
158275
158302
158328
158375
158384
158387
158395
158432
158478
158551
158591
158599
1586
158614
158619
158670
158712
158802
158819
158852
158864
158916
158917
158935
158942
158949
158955
158957
158977
159014
159028
159033
159057
159072
159108
159131
159165
159182
159204
159236
159243
159255
159268
159274
159276
159352
159391
159435
159481
15951
159566
159590
159659
159684
159809
159826
159868
159937
159946
159952
159959
15996
159971
160021
160072
160088
160174
160244
160269
160312
160318
160339
16034
160364
160398
16043
160501
16056
160610
160676
160700
160744
160760
160795
1608
160819
16083
160861
160863
160864
16088
160904
160905
160929
160935
160958
160962
160989
161087
161110
161120
161158
161189
161202
161232
161235
161246
161406
161481
161509
161534
161611
161692
161695
161736
161738
161773
161874
16196
161999
162
162060
162107
16212
162122
162175
162186
162207
162255
162261
162262
162285
162325
16235
162465
162497
162592
162619
162659
162671
162698
162736
162803
162806
162815
16285
162894
162905
162920
162928
162934
162993
163059
16306
163067
163127
163142
163145
163192
16328
163284
163289
163295
163310
163340
163359
16339
163418
163440
163456
163458
163542
163579
16358
163595
163604
163627
163641
163676
163716
163717
163759
163780
163786
163804
163820
163822
16386
163871
163875
163888
163910
163917
163923
163942
164119
164139
164161
164177
164195
164205
16425
164259
164292
164293
164311
164321
164343
16435
164380
164403
164434
164475
164497
164530
164614
164641
16470
164749
164781
164835
164845
16489
1649
164950
164979
164993
164997
165001
165039
165050
165059
165094
165095
165098
1651
165127
165147
165200
165208
16522
165305
16534
165376
165379
165408
165434
165461
165465
165547
165558
165566
165615
165616
165653
165657
165687
165697
165705
16572
165727
165732
165741
165770
165772
165773
165783
165807
165896
165903
165936
166002
166044
166046
16606
166091
166093
166113
166132
166148
166182
1662
166255
166343
166358
16636
166381
166394
166404
166413
166424
16645
166457
16652
166537
166538
166540
166559
166577
166587
166624
166631
166638
166718
166728
166792
166799
16681
166832
166839
166933
166979
167000
167043
167052
167157
167182
167252
167327
16733
167331
167346
167358
167359
167371
16738
167412
167413
167423
167505
167514
167516
167527
167528
167542
16756
167577
16765
167670
1677
167735
167765
1678
167805
167818
167821
16787
167910
167950
167976
167994
168036
168092
168178
16820
168230
168293
16835
16839
168448
16847
168479
16852
168559
168563
168584
168595
168616
168636
168711
168718
168720
168737
168745
168747
168763
16877
16878
168790
168796
168828
168878
16890
168907
1690
169004
169011
169103
169116
169151
169186
169198
169200
169207
169296
169308
169311
16936
169362
169379
169389
169462
169508
169521
169543
169550
16960
169614
169625
169626
169656
169671
169701
16976
169773
169803
169808
169811
169942
169968
170009
170045
17006
170135
170144
170175
170251
170265
170271
170370
170406
17043
17044
170472
170486
170523
170585
170611
170644
1707
170787
170811
170836
170900
170936
170937
170964
170965
170974
170999
171008
171070
171075
171119
171136
171180
171210
171230
171259
171271
171298
171303
171426
171456
171506
171636
17170
171788
17187
17189
171892
171896
17190
171934
171942
171960
171978
172064
172069
172085
17220
172264
172307
172308
172327
172329
17233
172339
17235
172353
17239
172393
172403
172413
172422
172423
172431
17246
172471
172494
172506
1726
172608
17261
172690
1727
172712
172723
172807
172834
172844
172846
172910
172983
173026
173031
173114
173120
173134
173145
173156
173279
173354
173357
173378
173403
173405
17341
17343
173432
173450
173462
173465
173499
17350
173538
173563
173587
173591
173682
173690
173737
173774
17381
173842
174068
174075
174134
174164
174189
1742
174215
17424
174244
174259
174307
174328
174331
17436
174361
174373
174376
174395
1744
174410
174415
174423
174484
174564
174612
17466
174688
174718
174734
174764
174767
17477
174789
1748
17480
174847
174910
174927
174962
174965
175009
175032
175058
175059
17507
17511
17512
17516
17518
175189
175227
175247
175317
175325
175348
175380
175400
175410
175413
175414
175422
175425
175427
175483
17549
175537
175540
175610
17571
175745
175758
175770
175806
175897
175899
175929
175941
175946
176033
176048
176088
17611
17613
176168
176198
176242
176297
176352
17644
176440
176472
176554
176575
176624
176699
176766
176790
176863
176879
176917
176941
176976
177001
177010
177013
177078
177080
17709
17711
177120
177157
177231
177305
177329
177351
17740
177414
177495
177518
177542
177556
177558
177564
177584
177648
177653
177716
177726
177739
17781
177810
177815
177826
177829
17784
177919
178005
178043
178092
178145
178185
178224
17823
17826
178296
178331
17835
178361
178379
178384
17842
178445
178467
178515
178524
178530
178549
178563
178566
178603
178624
178662
178685
178698
178784
17879
178795
178797
178948
178957
178968
17901
179035
179046
179064
179077
17914
179193
179204
17922
17925
179284
17936
179370
179382
179383
179414
179417
179448
179458
17948
179513
179524
179552
17957
179588
179590
179677
179702
179727
179755
179808
179814
179843
179874
179919
180014
18005
180077
180215
180291
18030
180314
180325
180329
180483
180487
180545
180643
180667
18073
180778
180840
180883
180954
18096
180962
181000
181014
181117
181136
18129
181295
181310
181386
18143
181502
181530
181567
1816
181607
181609
181651
18170
181753
181826
18183
181853
181916
181994
181996
182023
182027
182068
182108
182110
182156
182173
182182
182189
182208
182214
182225
182230
182232
182282
182309
182328
182356
182403
18241
182441
182476
182490
182544
182570
182576
18259
182629
18264
182647
182682
182688
182694
18274
182741
182750
182756
182890
182917
182956
182961
182974
182998
183
18302
183024
183031
183087
18313
183130
183147
183187
183206
183215
18322
183232
183254
183287
183297
18331
183317
18343
183492
183525
183531
183541
183574
183593
183622
183630
183668
183697
183739
183753
183773
18378
183802
183841
183850
183864
183947
183964
183986
183992
184073
18408
184097
18411
184111
184115
184167
184178
184201
184206
184323
184375
184389
184422
184480
184565
18460
184604
184629
184655
184685
1847
184745
184763
184821
184859
184891
18490
184900
184921
18496
184966
185020
18507
185082
185123
185158
185220
185242
185249
18529
18530
185344
185381
185389
185395
185456
185464
185516
185565
185583
185594
185637
185677
185681
185725
18574
185754
185771
185833
185969
186003
186022
186058
186155
18616
186188
186191
186240
18627
186306
186321
186324
18635
186417
186460
186474
186571
186579
186594
186617
186639
186732
186734
186785
186797
186819
186826
186833
186866
186882
186972
18699
187010
187120
18714
187168
18724
187258
187275
187310
187395
1874
187460
187474
187502
187524
187529
187558
187602
187646
187713
187829
187830
187833
18791
187954
187965
187994
187997
188081
188127
18815
188152
188218
18823
188249
188290
188312
188313
18833
188354
188362
188402
188450
18847
188479
18848
188532
18865
188661
18868
188680
188773
188808
188821
188875
188900
188909
18891
189010
189037
189048
189051
18909
189296
189305
189336
18934
18937
189398
189402
189404
18941
189473
189491
189626
18966
189677
189716
189724
189737
189816
189912
189921
189984
190059
190065
190105
190261
190281
1903
190345
190357
190366
19037
190384
190427
190435
190455
190457
190515
190544
190611
190613
190634
190681
19069
190697
190714
190725
190794
190811
190822
190850
190859
190881
190925
190993
191003
191006
191021
191064
191083
191092
191151
19119
191190
191204
191213
19122
191296
191303
191318
191333
191338
191377
191403
191494
191507
191532
19154
191600
191622
191656
191670
191699
191720
191813
191838
191839
191840
191847
191848
191867
191875
191876
191890
191916
19193
191933
19194
191954
19196
191984
192018
192073
192129
192161
192175
192209
192251
192254
192299
192316
192334
192460
192493
192513
192516
19258
192594
192685
19269
192692
192723
192781
192816
19283
192837
192888
19295
192952
192984
192989
19299
193050
193069
193107
193182
193240
193293
193301
193302
193305
19331
19333
193360
193361
193381
19339
193393
19342
19344
193462
19348
193518
193533
193537
193584
193587
193593
193637
193670
193685
193712
19374
19380
19382
193849
19385
193911
193969
193975
193976
194027
19407
194088
194108
194121
19413
194138
194149
194165
194170
194184
19421
194247
194306
194316
194349
194418
194427
194447
194456
19452
194552
194553
194603
194604
19461
194625
194637
194694
194728
194735
194800
194816
194821
194830
194852
194868
19489
194890
194936
194943
194952
194959
194981
194991
195036
195048
195078
19510
195187
19520
195261
195361
195364
19539
19543
19545
195478
195483
195504
195663
195713
195736
195761
195896
195932
195935
195972
195988
196006
196027
196143
196256
196264
196267
196287
196332
196341
196349
196386
196464
196501
196566
196580
196583
196620
196628
196729
196746
196762
196924
196945
197164
197217
197221
197232
197259
197321
197380
197405
197452
197502
197503
197564
197886
197932
198051
198054
198072
198144
198165
198177
1982
198200
198214
198225
198243
198244
198340
198383
198427
198459
198489
198519
198556
198558
198594
198616
198623
198627
198661
198692
198754
198764
198779
198845
198900
198961
199102
199139
199149
199171
199199
199215
199289
199293
1994
199440
199452
199466
199488
199498
199554
199748
199784
199821
199968
199985
200006
200100
200126
200187
200256
200388
200476
2005
200518
200527
200677
200725
200753
200866
200896
200949
200969
200974
200989
201000
201047
201108
201174
201198
201220
201241
201242
201281
2013
201346
201382
201466
201471
201474
2015
201509
201539
201558
201568
201599
201603
201631
201651
201798
201821
201850
201853
201944
202038
202079
202096
202139
202161
202165
202226
202262
202337
202355
202479
202539
202562
202606
202613
202625
202672
202680
202759
202806
202823
202934
202947
202965
202994
203032
203052
203073
203107
203148
203221
203235
203246
203263
203306
203335
203394
203426
203428
203474
203527
203657
203675
203687
2037
203713
203763
203876
203935
203954
203986
204024
204026
204163
204168
204174
204396
204465
204531
204579
204602
204658
204736
204835
204877
204883
204886
204891
204897
204905
204925
204957
204979
204986
205020
205093
205150
205190
205261
205263
205289
205296
205355
205358
205380
205387
205391
205527
205536
205657
205660
205678
2057
205703
205733
205746
205766
205790
205878
205971
205987
206056
206062
206128
206140
206191
206213
206243
206292
2063
206392
206396
206430
206445
206553
206567
206586
206613
206635
206649
206706
206719
206784
206942
206998
207057
207122
207178
207247
207311
207313
207329
207346
207388
207406
207410
207594
207625
207668
207761
207764
207772
207801
207890
207901
207974
207992
208011
208041
208106
208107
208124
208154
208339
208382
208412
208447
208456
208463
208489
208518
208527
2086
208772
208794
208802
208897
208911
208952
208967
209022
209046
209049
209061
209155
209159
209188
209205
209245
209255
209261
209263
209499
2096
209606
209641
209672
209679
209687
209770
209840
209872
209903
209936
209984
210141
210258
210268
210283
210293
210295
210303
210318
210340
210438
210439
210451
210477
210530
210534
210551
210555
210569
210601
210610
210619
210623
210688
210876
210929
210982
210984
210995
211019
211050
211058
211070
211090
211132
211141
211145
211159
211203
211246
211320
211341
211398
211400
211425
211459
211465
211509
211587
211592
211605
211685
211695
211699
211707
211742
211824
211835
211865
211896
212269
212284
212306
212331
212379
212402
212405
212471
212483
212499
212524
212527
212563
212571
212602
212620
212624
212636
212669
212727
212841
212847
212875
212891
212904
212910
213040
213134
213192
213228
213283
213329
213349
213577
213602
213606
213620
213643
213667
213671
213692
213700
213707
213794
213799
213831
213848
213850
213885
213894
213928
213939
213988
214142
214211
214237
214239
214246
214288
214299
214312
214344
214355
214391
214399
214438
214444
214460
214500
214527
214531
214538
214558
214569
214584
214651
214972
214997
215
215049
215177
215192
215207
215287
215314
215466
215579
215630
215633
215705
215706
215852
215956
215965
216013
216022
216039
216057
216071
216192
216198
216206
216220
216273
216308
216312
216338
216359
2164
216482
216505
216647
216658
216682
216708
216747
216773
216777
216817
216914
216926
217012
217013
217072
217105
217162
217254
217271
217305
217337
217379
217401
217412
217477
217538
217612
217641
217804
217820
217849
217876
217879
217899
217919
217922
217958
217980
218027
218031
218039
218088
218136
218146
218201
218277
218338
218367
218387
218464
218483
218498
218543
218585
218587
218634
218657
218700
218798
218913
218914
218983
219181
219224
219306
219309
219414
219430
219527
219537
219576
219757
219833
219936
219985
220292
220344
220348
220376
220413
220414
220446
220459
220465
220488
220570
220572
220634
220642
220693
220824
220874
220875
220889
220947
221105
221152
221159
221188
221228
221242
221285
221314
221327
221334
221342
221385
2214
221414
221440
221512
221579
221627
221632
221762
221775
2218
221893
221962
222041
222278
222380
222387
222394
222424
222431
222435
222466
222581
222632
222655
222680
222694
222710
222711
222729
222789
222806
222867
222908
222938
222971
223014
223016
223135
223181
223264
223376
223467
223537
223541
223599
223609
223625
223667
223671
223690
223720
223752
223766
223895
223948
224085
224096
224127
224151
224173
224209
224212
224223
224229
224363
2244
224572
224643
224678
224841
224847
224864
224897
224919
225044
225066
225178
225257
225262
225338
225350
225392
225401
225428
225438
225439
225460
225520
225702
225724
225760
225812
225886
225892
225933
225934
225977
226003
226034
226051
226083
226091
226101
226104
226167
226216
226230
226238
226278
226316
226397
226431
226438
226467
226480
226482
226537
226587
226643
226676
2267
226700
226907
226909
226959
227055
227114
227201
227248
227254
2273
227354
227453
227529
227547
227660
227685
227726
227757
227778
227904
227918
227986
228046
228088
228128
228158
228203
228240
228252
228272
228301
228322
228403
228496
228591
228657
228713
228787
228796
228857
228948
229010
229103
229140
229149
229154
229174
229269
229337
229338
229369
229389
229477
229485
229569
229634
229680
229722
229726
229735
229763
229772
229807
229935
229981
230003
230115
230166
2302
230292
230343
230365
230427
230441
230453
230466
230487
230531
2306
230624
230633
230638
230668
230694
230702
230707
230712
231058
231098
231117
231120
231135
231147
231169
231255
231265
231376
231422
231462
231514
231559
231598
231625
231636
2317
231773
231892
231912
231960
2320
232009
232022
232064
232131
232165
232271
232272
232320
232352
232560
232589
232599
232646
232739
232754
232778
232800
232811
232852
232958
232981
233027
233043
233062
233084
233160
233164
233174
233195
233253
233268
233291
233405
233441
233500
233542
233562
233567
233587
2336
233624
233778
233867
233873
233941
233961
234035
234064
234157
234195
234213
234348
234374
234425
234435
234443
234483
234488
234512
234514
234540
234627
234673
234686
234693
234715
234723
234778
234809
234822
234906
234958
234966
235103
235112
235228
235250
235261
235320
235366
235378
235398
235403
235406
235514
235554
235559
235601
235626
235664
235782
235805
235828
235830
2360
236011
236029
236127
236128
236147
236148
236160
236206
236241
236271
236316
236326
236346
236492
236524
236525
236556
2366
236648
236649
236670
236783
236786
236878
236971
236993
237035
237119
237168
237190
237283
237431
237509
237566
237573
237591
237600
237602
237647
237714
237782
237931
237940
237980
238078
238080
238082
238108
238128
238142
238173
238188
238208
238222
238233
238234
238379
238534
238574
238628
238647
238650
238679
2387
238865
238941
238976
238981
238982
239023
239042
239094
239119
239138
239159
239165
239219
239222
239227
239263
239276
239597
239598
239624
239652
2397
239718
239805
239830
239851
239892
239898
239932
240027
240052
240102
240189
240192
240194
240265
240434
240454
240592
240599
240613
240621
240712
240715
240794
240822
240850
240853
240887
240899
240916
240919
240965
240990
241004
241016
241052
241072
241136
241175
241210
241255
241326
241499
241525
241555
241556
241601
241632
241803
241835
242037
242077
242114
242281
242282
242287
242289
242336
242348
242358
242364
242400
242609
242757
242762
242834
242840
242841
242862
242867
242878
242895
242913
242935
242936
242955
242973
243010
243025
243113
243116
243153
243158
243204
243268
243362
243381
243395
243489
243501
243511
243532
243538
243592
243625
243650
243663
243701
243760
243761
243763
243787
243805
243810
243821
243823
243845
243877
243946
243961
244004
244058
244074
244099
244152
244266
244301
244338
244347
244389
2444
244597
244685
244744
244839
244898
244933
244943
245032
245091
245126
245137
245180
245185
245194
245214
245217
245227
245228
245236
245336
245352
245413
245423
245481
245482
245491
245595
245642
245652
245658
245778
245805
245811
245912
245934
245982
246097
246101
246167
246197
246347
246460
246483
246505
246590
246612
246651
246672
246708
246793
246821
246880
246984
246996
247022
247126
247148
247224
247247
247336
247548
247559
247567
247569
247583
247622
247640
247643
247701
247709
247711
247737
247813
247857
247874
247903
247954
248049
248081
248178
248223
248285
248337
248368
248488
248497
248549
248641
248699
248755
248756
248774
248780
248796
248851
248882
248973
249029
249046
249083
249144
249169
249185
249218
249254
249274
249306
249349
249373
249395
249405
249489
249586
249596
249651
249748
249753
249823
249829
249834
249956
250051
250083
250123
250204
250214
250286
250368
250460
2506
250604
250693
250803
250855
250859
250861
251007
251148
251163
251202
2513
251325
251345
251354
251381
251396
251401
251414
251426
251478
251550
251574
251583
251598
251636
251707
251722
251736
251750
251767
251799
251873
251900
251935
2520
252003
252045
252131
252231
252255
252276
252297
252312
252318
252346
252391
252454
252483
252528
252575
252576
252674
252823
252824
252876
252924
252937
252989
253028
253037
253084
253113
253124
253222
253369
253384
253435
253629
253660
253707
253828
253920
253937
253948
253984
254071
254087
254117
254120
254162
254172
254267
254371
254435
254447
254487
254556
254687
254732
254812
254827
254875
254943
255022
255043
255052
255100
255135
255220
255221
255330
255399
255464
255491
255513
255592
2556
255673
255708
255819
255824
255844
255845
255897
255900
255960
256011
256077
256086
256209
256212
256249
256431
256441
256519
256546
256557
256567
256580
2567
256737
256770
256874
256909
256938
256962
257081
257131
257149
257161
257235
257267
257320
257344
257346
257398
257406
257426
257482
257506
257519
257665
257707
257723
257732
257890
257915
257930
257934
257978
258006
258035
258057
258151
258170
258185
258209
258230
258242
258291
258374
258415
258462
258518
258541
258568
258578
258604
258640
258663
258696
258715
258744
258768
258777
258786
258993
259116
259131
259167
259182
259185
259269
259287
259322
259338
259347
259378
259477
259478
259490
259560
259567
259578
259601
259608
259664
259690
259730
259748
259776
259801
259803
259805
259809
259812
259822
259835
259842
259856
259862
259867
259883
259898
259901
259907
259955
259960
259968
260014
260026
260146
260183
260190
260191
260389
2604
260417
260510
260542
260607
260732
260779
260839
260883
260949
260993
261028
261038
261087
261109
261113
261167
261192
261200
261290
261388
261406
261558
261606
261667
261680
261685
261698
261739
261764
261844
261854
261893
261918
261923
262032
262037
262043
262048
262077
262084
262097
262197
262239
262243
262332
262341
262368
262382
262394
262435
262477
262497
262517
262536
262591
262602
262608
262660
262668
2627
262776
262783
262788
262897
262981
263078
263088
263117
263125
263151
263205
263231
263239
263246
263257
263309
263329
263402
263431
263464
263465
263471
263558
263670
263679
263693
263741
263756
263761
263769
263837
263863
263883
263913
263955
264001
264054
264064
264114
264117
264129
264166
264182
264206
2643
264340
264487
264531
264587
264604
264615
264675
2647
264732
264822
264860
264907
264943
264956
265004
265015
265119
265152
265169
265232
265386
265431
265461
265522
265553
265653
265665
265728
265730
265757
265811
265829
265850
265868
265893
265913
265951
265968
265989
266006
266111
266149
266226
266284
266293
266379
266382
266449
266532
266560
266626
266629
266651
266652
266660
266691
266707
266727
266745
266764
266814
266890
266983
267014
267045
267071
267078
267093
267124
267164
267177
267190
267205
267225
267228
267270
267292
267294
267402
267435
267467
267496
267509
267583
267751
267787
267835
267837
268019
268060
268147
268149
268159
268164
268296
268320
268352
268486
268504
268508
268647
268663
268684
268754
268780
268795
268844
268855
268972
268976
269073
269091
269098
269170
269294
269316
269331
269387
269478
269480
269526
269579
269640
269709
269744
269857
269860
269929
270027
270038
270049
270083
270090
270095
270128
270273
270301
270465
270511
270608
270665
270683
270700
270764
270769
270812
270854
270960
271
271021
271051
271208
271209
271231
271293
271316
271345
271371
271455
271484
271525
271529
271558
271649
271651
271671
271723
271790
271797
271858
272100
272106
272116
272155
272159
272209
272309
272345
272351
272371
272427
272477
272485
272537
272697
2727
272760
272781
272819
273015
273040
273046
273062
273173
273240
273289
2733
273319
273342
273371
273438
273447
273523
273551
273627
2737
273710
273719
273734
273822
273866
273906
273914
273926
273946
273957
274029
274035
274183
274204
274206
274235
274241
274263
274268
274289
274312
274318
274542
274555
274600
274634
274674
274681
274703
274796
274809
274833
274844
274854
274859
274877
274935
274938
274951
275038
275070
275105
275168
275176
275237
275241
275293
275353
275394
275416
275428
275433
275452
275467
2755
275508
275524
275566
275572
2756
275618
275701
275702
275713
275853
275863
275872
275896
275913
275931
276012
276029
276082
276089
276098
276121
276134
276187
276216
276250
276255
276276
276300
276305
276344
276364
276365
276376
276430
276434
276438
276450
276468
276598
276616
276664
276684
276823
276923
276927
276947
276957
277046
277165
277231
277281
277310
2774
277441
277473
277518
277560
277594
277605
277700
277717
277736
277744
277751
277788
277822
277884
277935
278070
278090
278091
278149
278159
278167
278215
278221
278232
278271
278319
278330
278377
278385
278386
278402
278403
278436
278455
278463
278469
278519
278522
278648
278662
278672
278685
278740
278774
278844
278921
278989
279010
279024
279048
279109
279194
279205
279215
279248
279258
279427
279471
279478
279515
279564
279582
279604
279642
279646
279776
279870
279885
279896
279971
280031
280114
280115
280318
280366
280391
280395
280411
280419
280421
280457
280513
280541
280594
280625
280709
280800
280848
280849
280920
280950
281135
281158
281161
281311
281329
281375
281544
281649
281725
281729
281731
281769
281775
281793
281946
281955
281973
282022
282048
282154
282183
282236
282237
282264
282282
282308
282454
282460
282481
282509
282530
282605
282628
282698
282705
282918
282966
282993
282999
283331
283365
283395
283500
283504
283584
283655
283693
283708
283745
283780
283884
283926
283940
283963
283973
283997
284101
284243
284264
284268
284290
284314
284363
284374
284379
284394
284399
284508
284664
284674
284734
284758
284848
284852
285037
285057
285102
285111
285153
285160
285461
285479
285597
285600
285620
285744
285757
285852
285883
2859
285945
286013
286060
286099
286101
286130
286141
286194
286397
286404
286410
286438
286481
286574
286639
286675
286685
286749
286752
286754
286760
286768
286789
286923
286940
286941
286986
286992
287206
287288
287324
287343
287421
287423
287437
287502
287561
287574
287626
287649
287664
287694
287714
287761
287793
287806
287841
287848
287907
287943
287944
287984
288028
288036
288135
288213
288274
288280
288294
288374
288407
288483
288566
288611
288644
288654
288655
2887
288924
288928
288935
288941
289000
289060
289143
289149
289151
289196
289248
289263
289279
289280
289283
289324
289353
289393
289398
2894
289453
289455
289467
289479
289493
289551
289649
289733
289734
2898
289806
289822
289825
289847
289929
289955
289980
289984
290068
290085
290099
290108
290189
290200
290232
290300
290455
290462
290492
2905
290521
290545
290570
290677
290707
290739
290757
290780
290794
290911
290924
290992
291102
291155
291311
291360
291416
291424
291463
291499
291525
291541
291555
291680
291792
291845
291854
291875
291882
291890
291908
292013
292056
292071
292151
2922
292277
292321
292377
292430
292436
292440
292484
292552
292605
292650
292653
292669
292722
292785
292794
292829
292922
293001
293002
293022
293038
293054
293089
293160
293180
293263
293324
293327
293378
293379
293439
293509
293519
293561
293699
293751
293760
293808
293810
293822
293966
293968
293970
293984
293985
293997
294053
294090
294202
294210
294224
294375
294399
294445
294529
294536
294545
294570
294642
294655
294687
294748
294774
294840
294869
294878
294936
295032
295082
295090
295173
295221
295337
295351
295382
295428
295518
295542
295574
295575
295585
295655
2957
295724
295742
295744
295776
295779
295793
295876
295890
295927
295948
296020
296143
296145
296197
296210
296221
296223
296272
296309
296511
296513
296519
296548
296549
296564
296570
296652
296744
296747
296809
296856
296890
296945
296986
296996
297028
2971
297137
297194
297203
297267
297273
297377
297399
297509
297567
297570
297573
297591
297616
297618
297620
297623
297624
297649
297663
297720
297802
297831
297841
297871
298013
298022
298024
298067
298143
298240
298273
298395
298409
298429
298435
298462
298497
298547
298579
298619
298672
298743
298772
298773
298825
298826
298846
298965
299001
299032
299058
299066
299078
299110
299255
299284
299305
299338
299339
299358
299414
299470
299478
299554
299627
299639
299662
299692
299759
299805
299875
299890
299966
300037
300038
300053
300066
300099
300230
300285
300367
300469
300554
300560
300585
300596
300598
300676
300718
300754
300774
300775
300781
300874
300880
3009
300955
300959
301031
301059
301063
301080
301128
301252
301274
301329
301333
301368
301394
301422
301457
301486
301507
301804
301883
301948
301952
302048
302080
302132
302232
302243
302282
302349
302401
302469
302519
302577
302582
302608
302638
302641
302675
302677
302686
302701
302712
302771
302864
302907
302921
302934
303102
303164
303195
303201
303214
303264
303282
3033
303333
303408
303446
303478
303537
303594
303635
303637
303647
303669
303692
303802
303866
303908
303964
304091
304105
304155
304188
304203
304294
304298
304355
304378
304405
304506
304518
304570
304593
304668
304670
304727
304836
304907
305081
305098
305174
305290
305310
305510
305520
305531
305602
305605
305609
305721
305742
305743
305783
305785
305809
306005
306010
306086
306094
306246
306289
306302
306380
306429
306595
306598
306801
306829
306853
306877
306894
306904
307025
307319
307357
307441
307485
307555
307573
307579
307672
307700
307752
3078
307846
307931
308096
308185
308209
308223
308229
308246
308260
308265
308275
308374
308407
308606
308687
308872
308873
308875
308897
308915
308921
308940
308984
309036
3091
309121
309159
309250
309314
309365
309431
309453
309546
309582
309587
309673
309691
309693
309713
309733
309824
309839
309840
309892
309908
309998
310039
310140
310313
310342
310434
310472
310495
310498
310504
310552
310654
310670
310708
310710
310740
310798
310884
310930
310934
310999
3110
311105
311111
311197
311322
311417
311495
311497
311549
311570
311603
311658
311661
311706
311709
311756
311835
311916
311950
312024
312097
312195
312269
312271
312303
312352
312355
312478
312498
312547
312593
312737
312792
312815
312821
312872
312912
313005
313011
313070
313073
313092
313118
313129
313138
313158
313261
313264
313337
313354
313405
313528
313540
313542
313586
3136
313692
313693
313696
313701
313703
313771
313780
313816
313857
3140
314017
3141
314110
314142
314258
314387
314473
314493
314496
314509
314538
314606
314648
314654
314762
314809
314858
314869
314892
314893
314897
314990
315064
315099
315108
315127
315128
315173
315175
315202
315247
315259
315383
315408
315466
315481
315508
315551
315707
315740
315765
315794
315873
315885
315930
315950
315966
315990
315995
316045
316144
316153
316195
316204
316415
316432
316436
316451
316453
316501
316538
316593
3166
316629
316877
316939
317023
317068
317164
317165
317215
317260
317281
317291
317360
317411
317426
317509
317645
317694
317703
317712
317713
317883
317896
317905
317922
318071
318089
318108
318156
318169
318176
318182
318198
318249
318258
318277
3183
318380
318463
318507
318563
318581
318609
318644
318807
318856
318906
318908
318917
318953
318976
318995
319005
319026
319148
3192
319215
319355
319385
319403
319448
319497
319553
319558
319782
319811
319840
319889
319942
319953
319956
319965
320050
320096
320118
320302
320310
320328
3204
320407
320412
320569
320596
320624
320625
320677
320723
320776
320853
320963
320995
321001
321087
321285
321334
321340
321379
321396
321469
321492
321550
321630
321678
321689
321692
321698
321714
321757
321827
321895
321910
321911
321914
322006
322011
322026
322055
322068
322141
322153
322201
322226
322279
322283
322326
322341
322391
322414
322451
322499
322565
322577
322582
322592
322602
322604
322710
322736
322755
322781
322859
322863
322892
322899
322959
323127
323186
323223
323240
323306
323563
323654
323692
323714
323743
323936
323979
323993
324004
324128
324148
324156
324171
324221
324287
324313
324425
324467
324474
324504
324529
324632
324643
324764
324848
324862
324898
324940
324980
325010
325015
325062
325157
325168
325169
325257
325272
325331
325360
325435
325513
325524
325617
325668
325716
325720
325850
325864
325903
326117
326145
326162
326223
326273
326289
326441
326450
326506
326634
326647
326648
326658
326709
326732
326755
326771
326793
326797
326806
326850
326861
327108
327178
327218
327255
327279
327288
327319
327377
327409
327456
327515
327565
327584
327592
327643
327819
327841
327951
327987
328000
328005
328010
328046
328055
328075
328100
328115
328135
328275
328334
328432
328449
328661
328729
328749
328764
328845
328959
328975
328994
329032
329045
329080
329081
329105
329113
329213
329227
329243
329428
329452
329468
329532
329534
329578
329676
329764
329838
329855
3300
330021
330073
330085
330104
330125
330136
330296
330315
330316
330347
330445
330469
330555
330613
330644
330937
331019
331030
331071
331111
331209
331235
331293
331319
331465
331485
331517
331528
331577
331606
331971
331986
3320
332048
332064
332227
332270
332329
332365
332427
332434
332471
332606
332625
332630
332643
332831
332850
332909
332916
332965
333005
333137
333176
333254
333350
333527
333555
333559
333577
333580
333598
333644
333704
333844
333851
3339
333906
333941
334073
334091
334105
334107
334235
334283
334320
334422
334563
334593
334619
334717
334732
334810
334846
334877
334879
334931
334972
334999
335258
335319
335333
335408
335426
335569
335602
335642
335674
335690
335756
335834
335855
335903
336040
336105
336111
336133
336246
336323
336340
336399
336405
336407
336437
336481
336491
336589
336591
336612
336707
336713
336744
336763
336874
336891
336946
3370
337065
337120
337139
337194
337239
337326
337333
337350
337411
337447
337453
337468
337503
337510
337551
337592
337695
337763
337765
337818
337913
337917
338031
338162
338181
338286
338315
338488
338584
338624
338709
338734
338765
338837
338877
338879
339101
339314
339395
339421
339493
339594
339600
339602
339679
339735
339765
339901
339934
340096
340127
340131
340206
340269
340446
340450
340465
340505
340537
340547
340588
340635
340680
3407
340718
340755
340796
340801
340819
340843
340852
340914
340930
340944
340972
341015
341032
341052
341055
341122
341302
341327
341340
341435
341455
341490
341574
341596
341670
341687
341755
341764
341766
341810
341851
341877
341923
341997
342028
342043
342058
342063
342177
342203
342265
342275
342279
342300
342422
342423
342447
342482
342540
342587
342611
342629
342638
342699
342712
342809
342810
342848
342928
342959
342989
343037
343077
343081
343083
343089
343090
343160
343177
343197
343245
343390
343397
343430
343432
343593
3436
343600
343682
343709
343744
343749
343843
343858
343877
343933
343949
343963
344069
344098
344113
344116
344134
344173
344249
344264
344279
344334
344347
344355
344364
344406
344412
344439
344442
344449
344453
344519
344768
344769
3449
344904
344931
344955
344959
344997
345209
345227
345331
345362
345489
345510
345544
345581
345647
345662
345672
345681
345774
345805
345869
345973
3461
346223
346227
346304
346361
346469
346490
346522
346532
346589
346647
346649
346678
346701
346744
346822
346831
346884
346985
346996
347046
347079
347272
347284
347298
347302
347440
347544
347576
347679
347711
347771
347786
347844
348066
348102
348115
348134
348139
348164
348170
348251
348283
348287
348317
348378
348411
348494
348520
348580
348582
348595
348617
348648
348733
348810
348812
348842
348854
348943
349091
349096
349141
349369
349398
349482
349523
349690
349692
349707
349713
349780
349813
349822
349878
349879
350015
350255
350338
350345
350404
350416
350512
350514
350515
350609
350697
350749
350755
350800
350831
351024
351062
3511
351184
351187
351284
351307
351398
351404
351410
351494
351510
351656
351716
351763
351770
351772
351818
351840
351882
351937
351947
351970
352030
352082
352096
352113
352146
352161
352253
352286
352299
352321
352549
352554
352568
352615
352664
352721
352811
352980
353011
353052
353077
353102
353186
353373
353382
353418
353500
353559
353584
353655
353795
353807
353925
353946
353956
353977
353989
354039
354119
354208
354210
354280
354343
354468
354470
354542
354631
354729
354733
354816
354818
354896
354897
354940
354976
355051
355142
355197
355199
355230
355237
355247
355303
355304
355368
355406
355443
355494
355519
355549
355740
355887
355924
355943
355992
356019
356066
356097
356179
356181
356244
356250
356253
356255
356336
356367
356498
356544
356601
356636
356764
356794
356800
3569
356914
356917
356961
357012
357017
357053
357120
357167
357219
357222
357232
357294
357401
357432
357464
357492
357577
357656
357719
357745
357766
357794
357824
357832
357888
357952
358007
358126
358156
358157
358158
358161
358170
358193
358227
358247
358268
358307
358313
358402
358430
358480
358484
358534
358626
358645
358676
358684
358686
358734
358791
358810
358877
358921
358940
358948
358975
359016
359026
359045
359085
359104
359188
359196
359290
359343
359351
359372
359382
359525
359614
359626
359661
359685
359712
359730
359852
359886
359912
360181
360182
360183
360206
360295
360300
360302
360354
360376
360439
360442
360453
360602
360622
360627
360651
360658
360712
360772
360812
360896
360904
360932
360991
361018
361032
361067
361089
361094
361219
361242
361286
361297
361517
361565
361570
361757
361777
361878
361910
361928
362
362002
362025
362049
362053
362262
362353
362462
362477
362481
362502
362604
362606
362607
362612
362628
362639
362868
362909
362999
363076
363109
363389
363518
363532
363570
363574
363584
363651
363663
363676
363678
363735
363749
363771
363830
363926
363959
364015
364108
364189
364223
364273
364455
364480
364578
364598
364641
364716
364768
364798
3648
364810
364844
364877
364919
364990
365022
365067
365073
365113
365145
365290
365334
365402
365706
365897
3660
366041
366074
366090
366171
366203
366284
366327
366332
366333
366439
366463
366475
366496
366699
366760
366804
366831
366848
366878
366947
366960
366977
367053
367090
367114
367129
367164
367175
367228
367274
3673
367314
367477
3675
367534
367563
367605
367627
367644
367720
367747
367749
367790
367824
367877
367892
367919
368084
368187
368223
368241
368335
368362
368373
368555
3687
368700
368749
368764
368774
368862
368894
368950
369052
369057
369092
369193
369194
369276
369281
369285
369294
369298
369321
369377
369394
369477
369494
369535
369570
369571
369638
369759
369852
369871
370015
370064
370066
370094
370188
370254
370306
370484
370540
370557
370568
3706
370676
370756
370867
370901
370966
371080
371140
371150
371318
371379
371396
371660
371728
371783
371815
371832
371891
372076
372162
372390
372402
372431
372460
372557
372682
372690
372711
372776
372811
372898
372926
372937
372947
372957
372963
373009
373025
373147
373163
373172
373289
373311
373336
373349
373377
373466
373516
373535
373637
373652
373675
373694
373716
373762
373765
373814
373883
3740
374173
374255
374283
374306
374408
374463
374534
374583
374671
374821
374861
374990
3750
375043
375126
375165
375202
375241
375250
375333
375359
375362
375431
375489
375498
375534
375552
375652
375674
375695
375726
375737
375761
375766
375797
375850
375879
375950
375957
376023
376030
376045
376060
376099
376172
376188
376217
376259
376265
376275
376302
376323
376356
376362
376434
376444
376503
376517
376542
376566
376585
376598
376614
376814
376837
376860
3769
376920
377013
377060
377183
377193
377247
377270
377274
377277
377294
377315
377360
377400
377462
377551
377560
377594
377608
377609
377782
377810
377813
377915
377922
377961
377997
378021
378112
3782
378202
378205
378237
378265
378298
378347
378436
378461
378517
378610
378649
378706
378745
378751
378795
378845
378879
378894
378955
379003
379008
379068
379073
379090
379228
379278
379454
379533
379724
379731
379761
379825
379856
379918
379961
380027
380044
380057
380069
380102
380142
380149
380276
380281
380377
380380
380453
380548
380757
380765
380836
380838
380849
380889
380938
380941
381045
381048
381049
3811
381138
381145
381187
381227
381370
381372
381413
381422
381441
381578
381678
381724
381805
381850
382034
382148
382172
382215
382218
382239
382249
382250
382256
382287
382480
382503
382530
382532
382544
382554
382653
382732
382814
382837
382909
382936
382945
382960
382968
382983
382988
383015
383036
383068
383075
3831
383238
383264
383283
383312
383323
383409
383525
383553
383567
383668
383709
383783
383904
384067
384079
384105
384114
384151
384191
384263
384287
384363
384381
384546
3846
384662
3847
384717
384829
385116
385150
385193
385202
385218
385307
385364
385415
385518
385519
385640
385703
385710
385839
385857
385863
385907
385930
386105
386156
386186
386268
386357
386403
386428
386574
386585
386605
386632
386643
386672
386728
386768
386938
386994
387010
387019
387048
387104
387191
387332
387366
387541
387565
387580
387590
387629
387674
387708
387748
387758
387893
387945
387985
388065
388111
388112
388265
388322
388399
388416
388519
388573
388595
388629
388686
388729
388731
388771
388781
388814
388935
388951
388991
389102
3892
389247
389265
389303
389310
389335
389462
389563
389645
389679
389854
389941
389968
390042
390051
390319
390404
390433
390478
390533
390557
390609
390631
390692
390815
390830
390870
390880
390883
390892
390908
390953
390957
391035
391065
391080
391131
391137
391138
391146
3912
391256
391384
391385
391467
391489
391537
391551
391597
391644
391645
391659
391744
391843
391849
391871
391893
391970
391996
392008
392092
392167
392489
392494
392533
392541
392568
392573
392574
392656
392658
392698
392743
392758
392811
392825
392893
3930
393024
393070
393089
393172
393225
393238
393255
393320
393339
393340
393358
393477
393486
393642
393654
393692
393708
393750
393789
393817
393823
393927
393974
394161
394172
394188
394200
394201
394298
394390
394428
394448
394492
394686
394718
394736
394791
394820
394971
394998
3950
395094
395170
395361
395372
395397
3954
395504
395538
395557
395584
395721
395777
395785
395813
395822
395879
3959
395902
396021
396027
396098
396181
396217
396266
396347
396383
396415
396416
396451
396474
396630
396635
396661
396705
396727
396742
3968
396813
396837
396844
396871
396875
3969
396965
397010
397029
397084
397137
397163
397167
397175
397230
397248
397257
397274
397286
397413
397414
397464
397616
397637
397677
397833
397914
397930
397964
398052
398060
398105
398167
398197
398234
398263
398290
398298
3983
398363
398408
398433
398475
398500
398523
398524
398548
398553
398598
398681
398695
398697
398754
398775
398783
398848
398930
398986
399031
399061
399069
399078
399181
399234
399240
399261
399284
399306
399385
399397
399418
399436
399518
399569
399591
3996
399612
399656
399692
399767
399847
399888
399902
399929
399947
400054
400082
400103
400132
400139
400174
400176
400177
400214
400220
400295
400324
400331
400395
400429
400570
400599
400684
400745
400816
400822
400825
400841
400845
400926
400953
400989
401025
401034
401134
401184
401188
401229
401245
401250
401353
401418
401437
401489
401515
401735
401766
401857
401896
401945
402006
402153
402237
402257
402292
402308
402340
402362
402398
402483
402487
402521
402546
402554
402619
402719
402738
402948
4030
403004
403025
403069
403103
403255
403269
403285
403347
403434
403439
403458
403511
403526
403531
403570
403572
403596
403705
403720
403746
403770
403772
403826
403967
403986
404092
404113
404127
404249
404252
404266
404323
404337
404358
404363
404411
404470
404513
404620
404625
404630
404656
404659
404694
404727
404873
404972
404977
405022
405038
405041
405059
405068
405078
405193
405256
405259
405271
405323
405341
405432
405497
405513
405537
405560
405602
405606
405668
405714
4058
406001
406081
406143
406176
406225
406282
406343
406385
406411
406432
406445
406452
406513
406517
406688
406771
406833
406874
406877
406900
406963
406998
407060
407068
407077
407109
407149
407181
407241
407258
407326
407387
407413
407451
407453
407469
407544
407642
407712
407730
407731
407740
407788
407798
407822
407983
408030
408032
408059
408179
408252
408275
408292
408338
4084
408435
408461
408483
408484
408493
408532
408573
408642
408660
4087
408714
408810
408884
408897
408898
409028
409111
409134
409194
409220
409274
409365
409460
409499
409554
409569
409674
409677
409682
409725
409832
409942
409943
409986
409995
410007
410098
410211
410225
410317
410365
410369
410422
410463
410469
410486
410490
4105
410555
410632
410697
410784
410791
410797
410842
410880
410911
410918
410927
410931
411012
411016
411058
411075
411082
411104
411108
411364
411498
411569
411630
411676
411709
411763
411877
4119
411989
412047
412152
412177
412216
412271
412309
412320
412331
412365
412425
4126
412601
412639
412685
412823
412824
412826
412920
412927
412928
413092
413117
413187
413226
413239
413344
413349
413381
413395
413420
413425
413560
413608
413633
413642
413643
413679
4137
413741
413901
413917
413952
413967
413979
414009
414050
414085
414091
414222
414286
414310
4145
414500
414518
414528
414604
414626
4147
414713
414834
414847
414934
414935
414983
415008
415089
415128
415195
415217
415286
415306
415382
415417
415421
415655
415694
415769
415808
415813
415883
415919
415925
415926
415951
416054
416212
416264
416301
416368
416404
416416
416428
416477
416640
416772
416897
416901
416937
417047
417236
417387
417459
417494
417508
417516
417600
417706
417712
417793
417802
417894
417910
418008
418021
418066
418095
418159
418188
418228
418270
418279
418335
418357
4184
418423
418446
418627
418649
418736
418738
418748
418830
418872
418902
418983
419015
419137
419174
4192
419245
419272
419283
419348
419381
4194
419409
419438
419481
419599
419605
419724
419743
419749
419829
419830
419845
419892
420001
420031
420084
420140
420156
420198
420204
420205
420215
420231
420234
420236
420280
420308
420362
4204
420486
420495
420563
420574
420617
420670
420687
420727
420769
420813
420851
420882
42094
421324
421404
42143
421468
42148
421572
421604
421627
421796
421849
42188
421896
421925
421943
421949
421984
422049
422064
422065
422097
422110
42214
422182
422183
42219
422199
422206
422236
422288
422310
422316
422409
422418
422424
422467
422476
422483
422505
42268
422757
422817
422840
422907
422930
422976
422983
423260
423349
423433
423611
423646
423648
423668
42374
423817
423820
423888
423941
424010
424023
424091
424101
424141
424257
424281
424431
424473
424474
424534
424536
424539
4246
424604
424608
424684
424688
424747
424761
424828
424850
425001
425025
425157
425185
425432
425466
425485
425522
425576
425591
425633
42565
42568
425689
425712
425716
425759
425867
425880
425917
425962
42602
426076
426085
426201
42621
426212
426276
426283
4263
426322
426333
426349
426427
426448
42645
426487
426628
426659
426677
426818
426893
426918
426969
426979
426989
426998
4270
427006
427143
427168
427170
427217
42726
427276
427279
42728
42729
427305
427402
427474
427481
427488
427528
427530
427574
427641
427667
427677
427706
427723
427788
427812
42792
427936
427976
427987
42802
428092
428096
428105
428151
428173
4282
428269
428286
428314
428375
428422
428504
428525
428574
428582
428646
428649
428784
42890
428905
429114
429153
429208
429277
42929
429334
42939
429584
429609
429675
429681
429685
42969
429691
429730
429769
429918
42993
430038
430120
430124
430182
430220
430281
430328
430366
43037
430379
430397
430399
430424
430459
430489
430500
43053
430550
430563
43058
430598
430644
430651
430711
430788
430806
430971
43099
431124
431265
431299
431336
431362
431386
431418
431467
431529
431558
431599
431734
431737
431758
431810
431897
431972
432032
432082
432084
432163
432291
432335
432389
43240
432419
432524
432540
432568
432574
432620
432632
43264
432726
432732
432735
432738
432952
432977
432995
433131
433159
433242
433257
433324
433476
433509
433522
433542
433569
433706
433754
433757
433767
433838
433890
433896
433914
433926
433976
433996
434184
434205
43424
434326
43452
434543
434565
434580
434597
434659
434681
434691
434753
434786
434794
434814
434842
434849
434908
435003
43501
435111
435194
435226
435486
435597
435614
435664
435690
435718
435789
435795
435856
435995
436059
436063
43610
436182
43635
436383
436527
436544
436614
43664
436675
436704
436708
436750
436758
436781
436784
436837
436896
436946
436964
436978
43699
436990
437100
437222
437279
437287
43733
437342
437359
437456
437507
437521
437540
437562
437615
437686
43770
437748
437762
437769
437855
437900
437906
437944
437985
43800
438018
438092
438119
438164
438243
438291
438342
438429
438644
438699
438700
438715
438737
438815
438889
439022
43907
439084
43913
439165
439174
439211
439224
439368
439459
439479
439484
43956
439571
439606
439650
439719
439744
439747
439754
439911
440003
440175
440186
440191
440272
440294
440376
44043
44062
440663
440716
440728
440760
440793
440800
440812
440993
441015
441060
441091
441182
44121
441221
44123
441237
441272
441344
441364
441431
441443
441479
44151
441549
441604
441755
441811
441878
441896
441967
442011
442091
44211
442110
442183
442188
442252
442309
44238
442489
442514
442699
442707
442760
4428
442801
442898
443094
443120
443128
443133
443175
443186
443196
443242
443248
443277
443344
44343
443524
443573
44360
443653
443823
443837
443866
443886
443892
443909
443926
443982
444030
444040
444047
444077
444124
444152
444180
444261
444296
444311
444340
444530
444567
444581
4446
444612
444785
444886
444961
445030
445124
445202
445203
44521
445210
445253
4453
445320
445330
445441
445444
445470
445521
445548
445683
4457
445758
44576
445817
4460
446086
4461
446109
446282
446320
446364
446378
446443
446517
446553
446656
446709
446778
446822
446935
446955
446969
447008
447022
447033
44704
447049
447063
447130
447140
447150
447203
447213
447276
447375
447390
447430
447499
447544
447553
447579
44767
447684
447730
447744
447890
447903
44791
447919
447920
448034
448102
448205
448238
448247
448287
448298
448362
448418
448420
448496
44856
448573
448615
448651
448654
448724
448749
448769
448779
448799
448808
44884
448889
448891
448975
449012
449041
449409
44948
44956
44961
449672
449674
449705
449708
449717
449724
449731
449742
44976
44984
449840
449890
449956
449974
450069
450107
450219
45025
450310
450317
450326
450342
450388
45040
450436
450517
450524
450610
450634
45070
450805
45091
450973
451017
451030
451043
451128
451131
451232
451265
451329
451412
451422
451455
451469
45151
451559
451641
451685
451711
451713
451727
451765
451800
451806
451829
451876
452069
452113
452240
452282
452286
4524
452400
452477
452503
45261
452619
452716
452775
45287
452978
452979
45311
453184
45319
453251
453264
453310
45334
453342
453485
453489
453541
453544
453561
453567
453587
453590
453607
453609
453640
453709
453766
453800
45384
453854
453856
454050
454105
454146
454232
454269
45429
45430
454408
454448
454463
454510
454519
454520
45462
454708
454710
45498
455060
455107
455122
455169
455185
455209
455251
45528
455285
455312
455340
455372
455542
455576
455610
455616
455622
455665
455692
455705
455715
455717
455763
455850
455998
456159
4562
456247
456299
4563
456314
456360
456400
45654
456584
456592
456733
456757
456806
457006
457102
457113
457118
457122
457145
457151
457329
457334
457343
457430
457467
457477
457488
457539
457565
457593
4576
45772
457769
457817
457822
45788
457922
457940
457975
457981
458042
458172
45818
458222
458235
458244
458254
45835
458392
45845
458482
458636
458705
45871
45876
458787
458870
458907
458928
45897
458999
459008
459056
459076
459095
459124
459180
459214
45922
459234
459249
45929
459330
459386
459393
459659
459781
459903
460113
460227
460397
460408
460415
460508
460548
460618
460703
460872
461019
46104
461102
461250
461288
461314
461442
461501
461512
461548
46161
461675
461769
461778
461811
462013
462018
462122
462130
462136
462152
462167
462215
462302
462332
462343
46236
462418
462451
46246
462472
462486
462527
462588
462678
462682
462750
462755
462773
46279
462802
462973
462992
463065
463148
46317
463255
463258
463307
463404
46342
463421
463476
463496
463626
463698
463753
46381
463832
463862
463869
46399
464000
464025
46405
464074
464086
464187
464192
464226
464317
464318
46435
464512
464529
464531
464688
464700
464755
464758
464778
464868
464924
46493
464944
465037
46538
465421
465490
465563
46564
465705
465759
465929
465942
46606
466120
466165
466167
466191
4662
466301
46641
466547
466560
466572
466605
46662
466652
466719
466731
466765
466779
466809
466946
466984
4671
467110
467156
467199
467225
467238
467496
467508
467540
467550
467556
46757
46767
4677
467840
467925
467957
46797
468033
46804
468128
468176
468178
468266
468348
468524
468575
468604
46861
468630
468755
46891
468924
469042
469095
46914
46918
46919
46929
469299
469311
469355
469471
46948
469509
469522
469538
469541
46957
469694
469798
469971
469978
470000
470015
470131
470274
47030
470340
470415
470447
47058
470626
470627
470929
470936
471007
471163
471532
471537
471548
471605
471753
471800
471831
471857
47203
472034
472066
472108
472128
47224
472391
472447
472530
472543
472617
472636
472641
472728
472775
472796
4728
472827
472838
472884
472892
472927
472992
473003
473085
473086
473162
473165
473186
473277
473323
473385
473414
473483
473532
47367
473671
473776
473791
47392
473952
473957
474209
474331
474413
474443
474448
474457
474477
474489
47450
474566
474611
474612
474630
474688
474706
474777
474846
474847
474960
475023
475100
475131
475162
475178
475213
47523
475263
475536
475662
475675
475704
475844
475868
476062
476294
476322
476543
476596
47663
476650
47671
476735
476821
47684
476927
477026
477070
477088
477098
477103
47711
477143
477242
477319
477332
477447
477637
477708
477714
477742
477744
477812
477820
47783
477843
477876
477911
477964
477989
478097
478129
478134
478150
478241
478243
478313
478348
478396
47844
478445
478551
478558
47860
478606
478738
478768
47893
479017
47912
479174
479232
479327
479346
479375
479620
479688
479709
479718
4798
479821
479838
479874
479903
480018
480115
480210
480254
480261
480277
480292
4804
480494
480544
480545
480552
480644
4807
48075
480793
480840
480851
480899
480949
480996
48101
481038
481045
481091
481220
481222
481228
48125
481257
481478
481521
48153
481638
481679
48179
482167
482217
482270
482279
482283
482433
482500
482599
482655
482691
48272
482861
482911
482918
482930
482953
483009
48308
48314
483219
483374
483376
483458
483521
48358
4837
483722
483806
483808
483811
483818
483878
4839
483949
484027
484032
484114
484138
484224
484245
484364
484373
484379
484407
484428
484448
484468
48456
484614
484621
484656
484835
484867
485088
485302
485317
48532
485351
485566
485732
48578
485854
485870
48593
485941
48597
485985
486
486079
486120
486277
48633
486335
486406
486576
486578
486727
486774
486960
486992
487096
487119
487184
48719
487190
487207
487235
487291
487417
487431
487474
487493
487498
487527
487528
487537
487611
487891
487968
488003
488089
488105
48812
488138
488151
488163
4882
488261
488263
488289
488336
488352
488424
488453
488454
48846
488488
488539
488669
488813
489016
489054
489078
489093
489230
489266
489273
489350
489556
489584
4896
489626
4897
489852
489885
489886
48996
489977
48998
49002
490053
490082
490181
490207
490403
490549
490631
490673
490681
490684
490690
490702
490779
490821
490840
49097
491046
49106
491084
491178
491186
491223
491266
491279
4913
491305
491310
491415
49143
491433
491455
49152
491547
491560
491574
491651
491704
491783
491787
49179
49182
492000
492102
492110
492175
49220
492222
492281
492324
492327
492356
492411
492476
492496
492546
492664
4927
49276
492889
492907
493030
493111
493114
493194
493241
493323
493329
49337
493374
493469
493471
493534
493562
493656
493667
493686
493729
493734
49375
493793
494030
494123
494156
494158
494197
494201
494212
49422
494244
494295
494348
4944
49442
49454
494567
494589
494618
494676
494684
494707
494728
494735
494737
494747
494844
494931
494935
49500
495127
495183
495298
495333
495435
495437
495623
495668
495810
495815
495851
495865
49587
495938
495981
49604
49606
496117
496132
496180
496193
4962
496257
496261
49638
496397
49645
496497
496507
496609
496672
496675
496698
496711
496727
496897
496916
496935
497036
497054
497154
497233
497267
49738
497414
49743
497509
497549
497617
497683
49770
497710
497755
497809
497848
49795
498042
498049
498078
4981
498114
498171
49843
49860
50008
50122
50142
50154
50207
50265
50298
503
50349
50383
50413
50459
5048
50496
50501
50608
50611
50690
50783
50828
50838
50860
50862
50880
50911
51104
51110
51133
51153
51169
51311
51322
51356
51387
51404
51477
51504
51533
51579
51622
51643
51704
51711
51734
51783
51852
51881
51902
51912
51929
5196
5197
52012
52051
52074
52083
5211
52130
52150
52152
52178
52224
52250
52254
52275
52293
52315
52335
52342
52375
52398
52399
52634
52657
52668
5268
5272
52787
52833
52862
52966
52985
52999
53046
53083
53100
53104
5319
53215
53281
53287
53310
53380
53416
53419
53461
5347
53523
53528
53582
53628
53683
5382
53942
5396
53998
54028
5405
54081
54154
54156
54179
54244
54264
54309
54311
5433
544
54404
54431
54456
54460
54473
54480
54483
54512
54557
54565
5459
54641
5474
54742
54757
5484
54851
54932
54948
54997
5500
55002
55016
55067
55088
55089
55092
55110
55111
5514
5517
55188
55247
5526
55265
55384
55400
55407
55414
55415
55430
55507
55545
55555
5559
556
55638
55668
55716
55740
55786
55791
55827
55848
55896
55960
55980
56028
56049
5610
56111
56162
5622
56246
56291
56337
5634
56556
56589
5660
56703
56749
56764
56784
56850
56958
5699
5702
57055
57077
57125
57218
57289
57308
57340
57354
5737
57379
57413
57487
57512
57645
57647
5769
57755
57828
57867
57889
57905
57916
57974
58005
58029
58068
5811
58222
5826
58279
58297
58300
58349
58457
58472
58504
58527
58533
58549
58554
58634
58714
58739
58780
58806
58816
5885
58894
58955
59039
59047
59064
59094
59118
59120
59126
59212
59246
5926
59263
59281
59365
59386
59410
5945
5953
59574
59622
59624
59665
59749
59755
59762
59788
59951
5996
59970
60001
6008
60110
60152
60181
6019
6028
60282
60351
60389
60422
60478
60496
60524
60564
60597
60606
60632
60688
60692
60717
60750
60787
6083
60859
60933
60940
60970
61028
61043
61085
61109
61135
61164
61179
61181
61184
61238
61291
61292
6132
61393
61444
6147
61488
615
61523
6156
61561
61613
6162
61625
61640
6173
61743
6177
61777
61813
61843
61868
61968
6197
61981
62023
62051
62088
62171
62349
62355
62404
62426
6244
62449
62451
6248
62503
62509
62544
6255
62587
62615
62617
62665
62678
62723
62741
62747
62755
6277
628
62804
62821
62845
6286
62974
6298
63047
63048
63091
63226
63244
63247
6327
63306
63310
63342
63363
6337
63383
63429
63443
63454
63472
63525
63589
6360
6366
63669
6368
63681
63707
63795
63800
63806
63816
63950
63966
63968
63976
63988
63990
64025
64109
64148
64189
64192
642
64444
64475
6451
64575
64599
6462
6464
64656
64725
64791
64801
64808
64834
64847
64854
64925
64944
64972
65001
65030
65049
65107
65146
65147
65195
65213
6522
65249
65259
65269
65382
6542
65480
65501
65506
65558
6556
65590
65676
65679
65706
65708
65715
65724
65762
65785
65879
65890
659
65903
65957
66029
66041
66073
661
66112
66125
66171
66179
66224
66271
66295
66319
66361
66376
66378
66414
66468
66488
66494
66508
66513
66520
66555
66627
66659
66717
66725
66737
66802
66815
6682
66866
66885
66920
66972
66993
67009
67079
6711
67126
67198
67236
67268
67294
6730
67331
67417
67441
67452
67486
676
67618
67625
67812
67818
67824
67867
679
67925
67974
68025
68094
68099
6829
68327
68349
68432
6852
68535
68540
68634
68637
6866
6868
68790
68810
68823
68867
6889
68940
68945
68961
69124
69171
69172
69188
69193
69209
69221
69222
69224
69230
69240
69263
69354
6936
69393
6942
6945
69461
6950
69514
69562
69584
6961
69621
69665
69716
69733
6981
69848
69920
69974
70016
70087
70095
70140
70173
70189
70287
7032
7041
70577
70615
70646
70650
70680
70722
70725
70756
70795
70833
70844
70856
70870
7091
70954
70969
7097
71018
7103
71039
7104
71042
7106
71104
71183
71237
71294
71312
71323
71341
71346
71474
71513
71574
71583
71594
71604
71629
71654
71787
7186
71903
71938
7208
72089
72106
72144
72153
72158
72165
72207
7222
72222
72246
72280
723
72361
72388
72409
7242
7244
72456
72458
72486
72508
72636
72666
72713
72741
72812
7284
72890
7290
72916
72919
7292
72934
72939
72945
72983
73067
73087
73100
73205
73215
73229
73288
7331
73398
73412
7342
73452
73464
73489
73522
73528
73596
73609
73655
7374
73743
73748
73820
7387
74029
74104
74164
74237
74252
74253
74278
7429
74323
74337
74361
74531
74613
74649
74721
74735
74745
74834
74837
7490
75126
75168
75228
75230
75306
7536
75483
75485
75489
75542
75545
75551
75607
75622
75682
75690
75713
75775
75872
76009
76023
76032
7605
76171
76199
76225
76238
7629
76339
76379
76435
76442
76444
7646
76500
76582
76588
76651
76706
76757
76784
76818
7686
76860
7687
76874
76930
77004
7702
77026
77104
7711
77127
77130
77151
77160
77161
77205
77288
77291
77373
77431
7749
77499
77529
7756
77589
7763
77654
77668
77686
77828
77943
78066
78092
7816
78165
78179
7818
78267
78276
78315
78334
7837
78384
78403
78527
78546
78647
78652
78672
78713
78727
78755
78785
78802
78840
78858
78878
7890
78901
78915
78930
78977
79004
7905
79050
79053
79079
79086
79104
79106
79150
79232
79233
79237
79246
79351
79438
7952
79524
79525
79612
79622
79734
79737
79755
79803
79855
79864
79889
79896
79930
79945
79960
79965
79985
80001
80015
80029
80065
80078
80083
80108
8012
80128
80149
80166
80175
80186
80196
80236
80308
80313
80373
80412
80440
80453
80478
80529
80547
8057
80604
80638
80662
80686
80689
80711
80739
8080
80829
80897
81002
81016
81073
81079
81087
81104
81170
81182
81224
81285
8129
81364
81439
81441
8150
81519
81520
81523
81537
81561
81563
816
8161
8167
81678
81725
81738
81787
8180
81883
81905
81919
81961
82087
8209
82090
82091
82116
8212
82206
82224
82254
82268
82278
82332
82335
82357
82379
82386
82399
82463
82583
82617
8266
82725
82736
82739
82757
8278
8285
82921
82965
8298
8306
8309
83153
83198
83283
8338
83390
83479
83532
83571
8371
83710
83732
83746
83758
83774
83846
83863
83901
83903
84014
84041
84043
8406
84146
84160
84254
84305
84345
84427
84428
8443
84444
84485
84542
8455
84581
84625
84641
84697
84747
84786
84805
84932
85017
85039
85063
85069
85097
85181
85188
85219
85301
85311
85342
85390
85431
85475
85494
85548
85692
85734
85793
85805
85854
85880
85894
85898
85903
85969
85990
86027
86058
86084
861
86122
86154
86199
86219
86264
86277
86354
86363
86405
86464
8655
86555
86569
86582
8664
86641
86646
86664
86705
86711
86716
86738
86784
86822
86850
86869
86891
86905
86907
86909
86928
86938
8695
86969
86987
87043
87044
87097
87110
87117
87124
87138
87140
87144
87163
87175
87194
8724
87255
87260
87287
87299
87327
87378
8743
8744
87545
876
87673
87687
8772
87763
87846
87916
8792
88005
8804
88060
88078
88100
88147
88151
88185
88190
88288
88304
88313
88318
88322
88323
8840
88427
88442
8846
88511
8852
88610
8871
88732
88741
88798
88806
88891
88908
88943
88944
88947
89074
89094
89095
89119
89163
89276
89306
8931
89315
89344
89378
89418
8945
89481
89482
89519
89575
896
89640
89733
89747
89777
89791
89807
89812
89881
8989
89908
89987
90024
90159
90188
90234
90262
9028
90323
90348
90409
90411
90421
90430
9045
905
9053
90781
90789
90846
90855
90879
90883
90916
90924
9096
9098
90980
90996
9108
91128
91170
91242
9138
91448
91467
915
9161
91657
9166
91661
91795
91854
91886
91916
91924
92261
92314
92381
92471
9249
92543
92554
92598
92647
9272
92744
92750
92798
92829
92880
92884
92894
92936
92965
92984
93110
93111
93159
93166
93239
93282
93300
93399
93430
93462
93478
93499
9350
93518
93531
93535
93549
93575
93619
93630
93677
93688
9372
93778
93805
93819
93826
93839
93863
93948
93960
94000
94052
9406
94075
94118
94167
94191
942
94213
94245
94421
94454
94496
94521
94529
94571
9460907
9461022
9461080
9461123
9461213
9461362
9461384
9461408
9461431
9461448
9461457
9461610
9461633
9461659
9461825
9461942
9461994
9462022
9462209
9462296
9462312
9462332
9462396
9462397
9462411
9462417
9462426
9462432
9462435
9462528
9462546
9462558
9462581
9462606
9462646
9462670
9462692
9462742
9462826
9462829
9462864
9462882
9462889
9462992
9463049
9463077
9463099
9463147
9463149
9463174
9463195
9463252
9463269
9463353
9463359
9463412
9463426
9463519
9463531
9463661
94637
9463729
9463737
9463750
9463757
9463791
9463847
9463857
9463885
9463951
9464
9464110
9464169
9464312
9464388
9464393
9464418
9464515
9464589
9464629
9464670
9464708
9464763
9464775
9464821
9464904
9465038
9465050
9465125
9465144
9465170
9465205
9465267
9465287
9465292
9465337
9465377
9465438
9465546
9465609
9465628
9465733
94658
9465851
9465873
9465932
9466058
9466108
9466169
9466208
9466296
9466365
9466449
9466480
9466528
9466627
9466817
9466842
9466870
9466874
9466876
9466889
9466974
9466993
9467035
9467093
9467118
9467275
9467296
9467298
9467316
9467329
9467368
9467378
9467420
9467509
9467584
9467590
9467692
9467738
9467784
9467937
9468042
9468081
9468098
9468108
9468121
9468123
9468188
9468211
9468261
9468286
9468335
9468354
9468377
9468385
9468475
9468479
9468581
9468755
9468760
9468762
9468769
9468802
9468831
9468988
9469176
9469339
9469343
9469347
9469395
9469411
9469442
9469459
9469498
9469504
9469507
9469532
9469630
9469751
9469801
9469804
9469889
94700
9470012
9470078
9470092
9470110
9470205
9470218
9470249
9470255
9470261
9470267
9470427
9470599
9470657
9470658
9470696
9470726
9470755
9470791
9470801
9470869
9470919
9470942
9471085
9471121
9471276
9471307
9471437
9471453
9471477
9471568
9471700
9471765
9471979
9472009
9472019
9472101
9472115
9472288
9472372
9472410
9472423
9472436
9472544
9472553
9472572
9472618
9472890
9472893
9472988
9473039
9473083
9473104
9473121
9473149
9473192
9473300
9473389
9473468
9473537
9473613
9473703
9473717
9473858
9473953
9474005
9474067
9474159
9474172
9474190
9474318
9474468
9474500
9474650
9474684
9474768
9474781
9474791
9475028
9475029
9475069
9475082
9475112
9475152
9475254
9475416
9475477
9475519
9475588
9475604
9475654
9475684
9475708
9475728
9475879
9475944
9476059
9476095
9476258
9476410
9476436
9476599
9476624
9476657
9476679
9476707
9476756
9476773
9476797
9476814
9476835
9476926
9476950
9477018
9477039
9477059
9477128
9477180
9477263
9477278
9477339
9477401
9477483
9477510
9477569
9477612
9477708
9477714
9477720
9477732
9477783
9477790
9477972
9477991
9477996
9478038
9478089
9478102
9478161
9478184
9478291
9478294
9478334
9478345
9478444
9478463
9478514
94786
9478639
9478699
9478857
9478893
9479038
9479044
9479065
9479093
9479166
9479185
9479223
9479253
9479276
9479405
9479635
9479682
9479825
9479894
9480135
9480203
9480216
9480243
9480444
9480461
9480513
9480538
9480704
9480705
9480713
9480754
9480848
9480968
9480995
9481023
9481063
9481133
9481187
9481318
9481364
9481369
9481397
9481412
9481483
9481516
9481595
9481669
9481730
9481814
9481930
9481944
9481987
9481994
9481995
9481996
9482102
9482128
9482288
9482388
9482394
9482412
9482550
9482555
94826
9482666
9482677
9482708
9482768
9482789
9482921
9482938
9483067
9483082
9483089
9483175
9483364
9483491
9483544
9483879
9483984
9484008
9484189
94842
9484264
9484494
9484675
9484698
9484700
9484746
9484853
9484856
9484863
9484953
9484954
9484971
9484986
9485
9485106
9485177
9485178
9485364
9485440
9485500
9485548
9485639
9485834
9485840
9485857
9485874
9485913
9485943
9486001
9486007
9486015
9486195
9486275
9486373
9486402
9486657
9486700
9486702
9486742
9486794
94868
94869
9487058
9487169
9487185
9487197
9487387
9487410
9487506
9487527
9487539
9487634
9487879
9487892
9487971
9488057
9488090
9488216
9488230
9488430
9488441
9488458
9488474
9488604
9488713
9488765
9488779
9488794
9488833
9488874
9488943
9488966
9488992
9489079
9489130
9489260
9489340
9489417
9489506
9489550
9489619
9489662
9489719
9489871
9489908
9489967
9489980
9490001
9490014
9490064
9490065
9490120
9490184
9490249
9490250
9490278
9490481
9490491
9490534
9490546
9490587
9490693
9490780
9490823
9490880
9490989
9491015
9491189
9491241
9491345
9491465
9491491
9491637
9491750
9491785
9491896
9491961
9492059
9492071
9492078
9492128
9492157
9492232
9492498
9492499
9492530
9492608
9492732
9492757
9492831
9492995
9493071
9493093
9493154
9493179
9493252
9493275
9493285
9493386
9493399
9493579
9493586
9493605
9493636
9493644
9493798
9493887
9493890
9493911
9493995
9493996
9494014
9494018
9494021
9494023
9494033
9494084
9494166
9494249
9494258
9494265
9494290
9494322
9494324
9494327
9494406
9494463
9494467
9494737
9494773
9494778
9494788
9494791
9494871
9494978
9495030
9495071
9495103
9495167
9495175
9495182
9495253
9495259
9495276
9495287
9495295
9495296
9495302
9495313
9495435
9495468
9495484
9495505
9495596
9495735
9495857
9495987
9495999
9496076
9496138
9496218
9496284
9496342
9496365
9496408
9496508
94966
9496674
9496678
9496738
9496813
9496854
9496861
9496880
9496952
9497094
9497170
9497236
9497290
9497356
9497384
9497468
9497553
9497584
9497623
9497624
9497748
9497749
9497805
9497875
9497954
9497955
9497975
9498048
9498057
9498095
9498098
9498240
9498270
94983
9498358
9498508
9498521
9498620
9498724
9498788
9498817
9498823
9498861
9498880
9498911
9498980
9499137
9499261
9499264
9499384
9499412
9499429
9499430
9499532
9499551
9499630
9499651
9499655
9499777
9499929
9499952
950
9500001
9500043
9500080
9500159
9500227
9500257
9500308
9500360
9500381
9500396
9500482
9500494
9500671
9500676
9500744
9500777
9500792
9500884
9500948
9501062
9501080
9501110
9501296
95013
9501325
9501389
9501510
95016
9501828
9501881
9501899
9501912
9501923
9502045
9502110
9502158
9502171
9502258
9502322
9502342
9502392
9502499
9502525
9502666
9502679
9503018
9503019
9503048
9503055
9503110
9503155
9503157
9503167
9503259
9503303
9503375
9503405
9503506
9503518
9503522
9503673
9503679
9503766
9503772
9503912
9504071
9504117
9504252
9504330
9504334
9504353
9504431
9504442
9504448
95045
9504551
9504567
9504709
9504727
9504808
9504828
9504872
9504874
9504949
9505087
9505166
9505277
9505297
9505334
9505463
9505549
9505570
9505603
9505660
95057
9505776
9505783
9505788
9506141
9506232
9506294
9506371
9506490
9506496
9506511
9506512
9506513
9506519
9506628
9506664
9506787
9506879
9506891
9506963
9506971
9507000
9507141
9507142
9507215
9507233
9507277
9507284
9507324
9507352
9507353
9507378
9507379
9507416
9507443
9507465
9507482
9507500
9507534
9507567
9507662
9507666
9507688
9507736
9507757
9507856
9507886
9507908
9507989
9508011
9508020
9508051
9508085
9508127
9508168
9508172
9508380
9508395
9508568
9508588
9508626
9508644
9508653
9508695
9508751
9508767
9508842
9508896
9509056
9509117
9509223
9509224
9509356
9509384
9509459
9509473
9509512
9509517
9509524
9509555
9509598
9509615
9509781
9509828
9509858
9509861
9509893
9510004
9510018
9510086
9510128
9510134
9510165
9510315
9510413
9510456
9510477
9510484
9510536
9510564
9510578
9510664
9510802
9510827
9510893
95109
9510906
9510948
9510962
9510974
9511014
9511048
9511092
9511167
9511199
9511533
9511553
9511606
9511715
9511759
9511782
9511861
9511949
9511954
9511981
9512
9512109
9512208
9512373
9512379
9512488
9512497
9512521
9512568
9512600
9512696
9512705
9512783
9512791
9512792
9512813
9512857
9512872
9512921
9512926
9512972
9513116
9513231
9513248
9513263
9513343
9513377
9513406
9513484
9513621
9513667
9513702
9513710
9513721
9513742
9513774
9513873
9513878
9513905
9513937
9513959
9514007
9514048
9514050
9514064
9514095
9514241
9514396
9514447
9514531
9514582
9514744
9514788
9514793
9514884
9514907
9514925
9514958
9514974
9515044
9515150
9515188
9515214
9515231
9515255
9515263
9515303
9515500
9515705
9515713
9515715
9515806
9515843
9515862
9515887
9515889
9516028
9516061
9516084
9516096
9516177
9516209
9516256
9516263
9516264
9516288
9516626
9516660
9516662
9516872
9516971
9516992
9517089
9517111
9517348
9517391
9517528
9517684
9517718
9517740
9517792
9517824
9517830
9517843
9517911
9517941
9517952
9518140
9518251
9518263
9518282
9518330
9518356
9518359
9518520
9518656
9518662
9518686
9518793
95188
9518819
9518825
9518874
9518890
9518898
9518918
9519072
9519089
9519091
9519215
9519363
9519372
9519399
9519459
9519477
9519493
9519694
9519788
9519902
9520026
9520139
9520152
9520241
9520414
9520484
9520506
9520663
9520684
9520709
9520730
9520786
9520834
9520844
9520911
9521049
9521138
9521159
9521173
9521181
9521187
9521195
9521326
9521434
9521459
9521520
9521588
9521624
9521626
9521689
9521711
9521763
9521777
9521860
9521914
9521939
9522070
9522128
9522197
9522306
9522314
9522363
9522383
9522421
9522505
9522520
9522559
9522569
9522574
9522637
9522705
9522739
9522751
9522836
9522866
9522875
9522939
9522953
9523012
9523092
9523115
9523333
9523338
9523395
9523466
9523618
9523619
9523667
9523808
9524001
9524006
9524021
95241
9524105
9524165
9524330
9524391
9524644
9524742
9524794
9524811
9524936
9524954
9525136
9525138
9525210
9525221
9525375
9525434
9525486
9525516
9525542
9525658
9525716
9525767
9525779
9525793
9525897
9525923
9525950
9526015
9526028
9526090
95261
9526116
9526118
9526195
9526207
9526237
9526265
9526313
9526318
9526398
9526421
9526567
9526685
9526741
9526937
9526952
9527049
9527060
9527063
9527168
9527335
9527349
9527421
9527437
9527439
95275
9527549
9527647
9527811
9527845
9527870
9527926
9527941
9527976
9528139
9528209
9528216
9528247
9528286
9528293
9528296
9528331
9528451
95285
9528595
9528668
9528691
9528699
9528702
9528788
9528792
95288
9528834
9528841
9528851
9528900
9528976
9529052
9529114
9529169
9529304
9529356
9529466
9529787
9529793
9529794
9529874
9529885
9529921
9529966
9530041
9530112
9530140
9530146
9530172
9530182
9530185
9530279
9530499
9530512
9530571
9530669
9530724
9530760
9530835
9530905
9530907
9530908
9530981
9531006
9531130
9531208
9531217
9531458
9531490
9531543
9531546
9531574
9531601
9531604
9531610
9531687
9531698
9531736
9531852
9531873
9531897
9531911
9531970
9532029
9532069
9532084
9532167
9532232
9532239
9532452
9532521
9532709
9532715
9532857
9532902
9532953
9533013
9533041
9533045
9533052
9533227
9533265
9533335
9533435
9533457
9533558
9533583
9533666
9533674
9533707
9533726
9533764
9533773
9533786
9533843
9533855
9533899
9533929
9533971
9534011
9534022
9534092
9534096
9534098
9534249
9534376
9534398
9534434
9534472
9534544
9534682
9534683
9534724
9534758
9534759
9534776
9534867
9534951
9535049
9535083
9535104
9535176
9535192
9535251
9535256
9535267
9535340
9535364
9535418
9535550
9535634
9535655
9535732
9535747
9535817
9535819
9535862
9535865
9535937
9535941
9535956
9536095
9536122
9536249
9536273
9536330
9536359
9536608
9536649
9536736
9536752
9536791
9536862
9537071
9537075
9537094
9537112
9537129
9537185
9537199
9537231
9537312
9537387
9537495
9537536
9537578
9537587
9537782
9537818
9537892
9537905
9537926
9538064
9538190
9538268
9538302
9538327
9538361
9538373
9538374
9538384
9538506
9538693
9538776
9538792
9538812
9538842
9538869
9538914
9538951
9538998
9539031
9539057
9539120
9539184
9539185
9539198
9539218
9539272
9539307
9539337
9539340
9539342
9539453
9539476
9539622
9539781
9539826
9539841
9539850
9539851
9539901
9539928
9539967
9540007
9540167
9540297
9540365
9540396
9540423
9540450
9540464
9540513
9540564
9540699
9540815
9541079
9541093
9541233
9541255
9541322
9541329
9541418
9541420
9541425
9541434
9541513
9541568
9541570
9541701
9541747
9541935
9542032
9542080
9542084
9542094
9542144
9542181
9542191
9542363
9542371
9542401
9542410
9542462
9542476
9542542
9542553
9542602
9542626
9542662
9542678
9542746
9542777
9542920
9542976
9543034
9543085
9543185
9543215
9543231
9543351
95434
9543405
9543438
9543493
9543522
9543529
9543540
9543591
9543616
9543633
9543639
9543724
9543894
9543941
9543993
9544
9544016
9544022
9544173
9544259
9544312
9544340
9544372
9544414
9544425
9544462
9544469
9544577
9544581
9544606
9544616
9544646
9544676
9544735
9544749
9544753
9544766
9544767
9544858
9544864
9544868
9545045
9545053
9545080
9545084
9545123
9545130
9545152
9545284
9545565
9545611
9545745
9545757
9545818
9545838
9545879
9545902
9546040
9546076
9546288
9546461
9546491
9546526
9546540
9546547
9546556
9546639
9546763
9546790
9546967
9547029
9547043
9547109
9547158
9547191
9547258
9547293
9547374
9547457
9547465
9547638
9547655
9547820
9547858
9547899
9548124
9548178
9548205
9548209
9548211
9548370
9548444
9548468
9548523
9548556
9548599
9548750
9548786
9548817
9548929
9548937
9548979
9549036
9549037
9549048
9549065
9549078
9549081
9549086
9549121
9549291
9549320
9549400
9549413
9549428
9549836
9549889
9550010
9550118
9550142
9550158
9550161
9550174
9550234
9550266
9550308
9550445
9550461
9550502
9550559
9550648
9550663
9550670
9550770
9550786
9550815
9550859
9550886
9550888
9550912
9550947
9550993
9551057
9551090
9551155
9551176
9551215
9551247
9551288
9551364
9551418
9551595
9551611
9551710
9551821
9551829
9551855
9551892
9551908
9551918
9551954
9551997
9552003
9552006
9552015
9552069
9552140
9552174
9552237
9552255
9552263
9552304
9552407
9552419
9552469
9552476
9552548
9552594
9552614
9552667
9552669
9552687
9552902
9552925
9553228
9553304
9553338
9553458
9553522
9553614
9553732
9553735
9553772
9553873
9553973
9554130
9554161
9554219
9554231
9554317
9554328
9554329
9554348
9554523
9554581
9554591
9554668
9554719
9554761
9554829
9554890
95550
9555060
9555093
9555096
9555128
9555164
9555212
9555220
9555261
9555329
9555355
9555402
9555439
9555505
9555608
9555613
9555728
9555739
9555790
9555812
9555862
95559
9555918
9555931
9555999
9556081
9556101
9556151
9556189
9556263
9556351
9556369
9556418
9556447
9556480
9556483
9556498
9556537
9556548
9556603
9556665
9556685
9556731
9556778
9556812
9556880
9556897
9556987
9557122
9557173
9557242
9557379
9557381
9557451
9557497
9557508
9557541
9557570
9557652
9557708
9557763
9557814
9557849
9557887
9557907
9557931
9558
9558108
9558113
9558137
9558151
9558296
9558364
9558412
9558516
9558558
9558597
9558633
9558697
9558720
9558772
9558833
9558902
9558937
9558991
9559044
9559085
9559174
9559272
9559306
9559430
9559487
95595
9559504
9559576
9559731
9559796
9559847
9559909
9559937
9560
9560007
9560089
9560148
95603
9560318
9560386
9560445
9560447
9560574
9560585
9560681
9560738
9560781
9560813
9560814
9560925
9561005
9561059
9561081
9561088
9561109
9561166
9561174
9561238
9561247
9561252
9561334
9561412
9561468
9561507
9561574
9561611
9561775
9561805
9561807
9561881
9561900
9561914
9561919
9561940
9562086
9562238
9562242
9562265
9562312
9562337
9562339
9562347
9562431
9562480
9562530
9562628
9562638
9562641
9562702
9562865
9563014
9563060
9563067
9563073
9563084
9563086
9563128
9563144
9563190
9563251
9563282
9563303
9563307
9563339
9563384
9563438
9563453
9563495
9563500
9563540
9563557
9563567
9563575
9563604
9563623
9563648
9563652
9563700
9563754
9563795
9563821
9563849
9564039
9564053
9564159
9564301
9564306
9564361
9564375
9564388
9564448
9564480
9564482
9564522
9564584
9564620
9564697
9564729
9564857
9564958
9565010
9565082
9565132
9565135
9565208
9565392
9565407
9565427
9565486
9565502
9565574
9565600
9565610
9565640
9565657
9565777
9565819
9565826
9565894
9565912
9566067
9566084
9566216
9566266
9566284
9566291
9566323
9566363
9566372
9566391
9566438
9566488
9566525
9566533
9566577
9566612
9566705
9566754
9566829
9566880
9566917
9566933
9566985
9567065
9567099
9567192
9567207
9567248
9567418
9567425
9567440
9567472
9567486
9567542
95676
9567652
9567769
9567860
9567866
95679
9567902
9567966
9567991
9568046
9568107
9568217
9568321
9568395
9568506
9568544
9568578
9568673
9568678
9568688
9568711
9568815
9568822
9568836
9568850
9568869
9569014
9569169
9569286
9569306
9569451
9569538
9569579
9569604
9569630
9569637
9569695
9569780
9569850
9569851
9569857
9569910
9569942
9569998
9570100
9570180
9570199
9570210
9570265
9570275
9570287
9570310
9570474
9570504
9570579
9570657
9570696
9570764
9570812
9570840
9570930
9571043
9571064
9571082
9571103
9571152
9571156
9571184
9571257
9571262
9571294
9571320
9571334
9571369
9571390
9571461
9571473
9571540
9571611
9571683
9571707
9571727
9571755
9571846
9571875
9572002
9572031
9572091
9572093
9572220
9572261
9572269
9572342
9572347
9572386
9572445
9572465
9572477
9572490
9572492
9572530
9572583
9572653
9572663
9572729
9572741
9572773
9572911
9573009
9573082
9573100
9573111
9573138
9573278
9573347
9573439
9573469
9573518
9573577
9573677
9573685
9573728
9573780
9573897
9573903
9573914
9573992
9574024
9574057
9574096
9574121
9574132
9574175
9574235
9574270
9574318
9574337
9574504
9574544
9574584
9574638
9574696
9574862
9574870
9574895
9574896
9574933
9574967
9574982
9575043
9575290
9575358
9575368
9575375
9575412
9575459
9575550
9575557
9575630
9575650
9575698
9575709
9575829
9575849
9575888
9575924
9575949
9575997
9576
9576190
9576200
9576312
9576579
9576593
9576640
9576725
9576737
9576795
9576796
9576816
9576858
9576954
9577023
9577076
9577152
9577153
9577155
9577164
9577178
9577235
9577254
9577292
9577394
9577400
9577434
9577443
9577477
9577482
9577533
9577594
9577604
9577629
9577721
9577840
9577962
9578013
9578046
9578148
9578189
9578277
9578286
9578316
9578356
9578427
9578438
9578529
9578643
9578671
9578703
9578830
9578858
9578893
9578922
9578977
9579031
9579070
95791
9579166
9579183
9579184
9579206
9579258
9579514
9579516
9579533
9579617
9579638
9579770
9579938
9579989
9580021
9580079
9580104
9580128
9580201
9580231
9580250
9580262
9580300
9580312
9580333
9580340
9580367
9580387
9580403
9580424
9580471
9580483
9580582
9580585
9580633
9580726
9580876
9580923
9580981
9580991
9580997
9581
9581038
9581043
9581143
9581153
9581234
9581254
9581258
9581291
9581298
95813
9581319
9581382
9581406
9581429
9581459
9581495
9581573
9581600
9581608
9581620
9581644
9581905
9581918
9581926
9581950
9581999
9582010
9582018
9582046
9582156
9582227
9582246
9582290
9582318
9582384
9582409
9582478
9582562
9582592
9582643
9582761
9582802
9582898
9583087
9583197
9583318
9583339
9583349
9583397
9583435
9583497
9583503
9583567
9583644
9583651
9583704
9583767
9583779
9583860
9583900
9583901
9583930
9584007
9584029
9584102
9584163
9584259
9584331
9584449
9584458
9584497
9584510
9584540
9584544
9584564
9584614
9584642
9584751
9584771
9584900
9584909
9585016
9585036
9585114
9585129
9585213
9585287
9585288
9585318
9585398
9585425
9585459
9585483
9585498
9585628
9585639
9585648
9585666
9585669
9585862
9585995
9586091
9586111
9586207
9586275
9586446
9586449
9586456
9586509
9586554
9586584
9586691
9586738
9586875
9586908
9587005
9587007
9587144
9587320
9587392
9587403
9587419
9587495
95875
9587555
9587576
9587582
9587612
9587668
9587865
9587877
9587879
9587884
9587935
9587964
9588024
9588031
9588086
9588154
9588253
9588268
9588285
9588367
9588421
9588422
9588468
9588627
9588647
9588653
9588689
9588715
9588740
9588767
9588794
9588805
9588814
9588857
9588877
9588941
9588993
9589030
9589101
9589160
9589166
9589187
9589255
9589301
9589325
9589348
9589352
9589390
9589435
9589593
9589661
9589685
9589761
9589825
9589851
9589872
9589916
9589972
9590147
9590172
9590199
9590308
9590312
9590335
9590360
9590373
9590394
9590401
9590427
9590459
9590484
9590486
9590496
9590532
9590546
9590659
9590862
9590891
9590902
9590904
9590938
9590947
9590971
9591005
9591011
9591042
95911
9591145
9591286
9591342
9591363
9591411
9591422
9591492
9591567
9591622
9591625
9591668
9591687
9591702
9591714
9591807
9591843
9591860
9591874
9591886
9591895
9591908
9591936
9592043
9592044
9592083
9592102
9592190
9592214
9592225
9592226
9592230
9592236
9592265
9592281
9592300
9592303
9592428
9592472
9592528
9592551
9592557
9592575
9592592
9592626
9592644
9592648
9592707
9592844
9592866
9592924
9592926
9593065
9593066
9593083
9593093
9593111
9593157
9593185
9593236
9593281
9593337
9593349
9593356
9593389
9593521
9593533
9593577
9593602
9593663
9593719
9593765
9593827
9593868
95939
9593930
9593956
9593985
9594007
9594014
9594069
9594113
9594138
9594195
9594260
9594276
9594291
9594306
9594364
9594408
9594457
9594474
9594477
9594481
9594569
9594695
9594737
9594794
9594851
9594858
9594904
9594911
9594952
9594962
9595032
9595035
9595038
9595057
9595094
9595170
9595185
9595257
9595306
9595318
9595330
9595433
9595437
9595438
9595443
9595481
9595552
9595640
9595725
9595807
9595904
9595918
9595939
9595952
9595963
9595979
9596127
9596153
9596259
9596326
9596375
9596472
9596534
9596567
9596594
9596645
9596649
9596695
9596723
9596730
9596767
9596825
9596916
9596937
9596960
9596996
9597049
9597116
9597119
9597164
9597176
9597199
9597276
9597324
9597391
9597414
9597451
9597487
9597539
9597542
9597573
9597693
9597772
9597808
9597880
9597885
9597992
9598077
9598114
9598124
9598127
9598219
9598224
9598303
9598310
9598335
9598386
9598417
9598424
9598426
9598453
9598461
9598494
9598547
9598817
9598885
9598909
9598967
9598968
9598973
9599059
9599074
9599113
9599119
9599134
9599183
9599193
9599232
9599242
9599268
9599322
9599385
9599432
9599466
9599470
9599501
9599526
9599571
9599591
9599795
9599815
9599852
9599946
9600016
9600046
9600069
9600076
9600147
9600258
9600285
9600303
9600457
9600476
9600477
9600539
9600544
9600577
9600578
9600607
9600623
9600645
9600651
9600664
9600708
9600751
9600760
9600784
9600834
9600859
9601004
9601007
9601014
9601041
9601042
9601062
9601067
9601134
9601196
9601218
9601229
9601260
9601264
9601278
9601297
9601299
9601333
9601353
9601354
9601363
9601367
9601421
9601527
9601548
9601592
9601643
9601734
9601737
9601759
9601765
9601789
9601813
9601847
9601893
9601967
9601998
9602064
9602075
9602098
9602101
9602184
9602226
9602245
9602252
9602259
9602313
9602431
9602443
9602469
9602520
9602682
9602694
9602811
9602839
9602865
9602876
9602888
96029
9602929
9602997
9603005
9603085
9603127
9603132
9603364
9603366
9603529
9603549
9603571
9603601
9603615
9603679
9603765
9603772
9603780
9603793
9603822
9603855
9603861
9603890
9603909
9603954
9604127
9604192
9604246
9604435
9604470
9604506
9604540
9604601
9604642
9604644
9604667
9604689
9604751
9604766
9604906
9604961
9605020
9605060
9605077
9605079
9605100
9605166
9605190
9605250
9605291
9605316
9605399
9605497
9605538
9605632
9605684
9605691
9605696
9605748
9605752
9605774
9605859
9605892
9605901
9605929
9605932
9605996
9606010
9606013
9606050
9606122
9606217
9606252
9606383
9606450
9606483
9606518
9606542
9606593
9606674
9606699
9606852
9606929
9606931
9606948
9607
9607061
9607100
9607108
9607152
9607153
9607214
9607253
9607269
9607281
9607289
9607293
9607308
9607353
9607376
9607397
9607451
9607465
9607503
9607556
9607573
9607578
9607635
9607644
9607647
9607683
9607710
9607717
9607818
9607835
9607894
9607978
9608028
9608039
9608060
9608065
9608070
9608076
9608100
9608125
9608147
9608155
9608172
9608176
9608221
9608223
9608231
9608240
9608244
9608246
9608278
9608286
9608298
9608437
9608439
9608468
9608469
9608472
9608485
9608491
9608516
9608685
9608688
9608704
9608710
9608786
9608790
9608834
9608838
9608867
9609005
9609012
9609061
9609070
9609074
9609088
9609113
9609140
9609186
9609203
9609218
9609221
9609225
9609234
9609286
9609291
9609471
9609563
9609591
9609630
9609684
9609795
9609826
9609851
9609963
96100
9610010
9610048
9610065
9610081
9610178
9610191
9610236
9610240
9610252
9610260
9610368
9610433
9610458
9610492
9610523
9610566
96106
9610631
9610773
9610780
9610866
9610878
9610880
9610923
9610925
9610963
9611004
9611175
9611214
9611266
9611365
9611372
9611493
9611589
9611633
9611647
9611676
9611702
9611721
9611734
9611758
9611944
9611965
9611967
9611993
9612040
9612088
9612108
9612169
9612333
9612336
9612371
9612382
9612410
9612416
9612417
9612429
9612441
9612451
9612496
9612520
9612530
9612535
9612541
9612640
9612645
9612651
9612671
9612674
9612694
9612744
9612771
9612780
9612805
9612924
9612965
9612981
96130
9613026
9613042
9613066
9613094
9613116
9613121
9613133
9613187
9613197
9613219
9613270
9613310
9613314
9613322
9613342
9613344
9613351
9613382
9613453
9613457
9613467
9613517
9613519
9613580
9613620
9613630
9613674
9613702
9613746
9613748
9613779
9613784
9613794
9613846
9613848
9613858
9613868
9613909
9613913
9613922
9613970
9613971
9614018
9614062
9614082
9614110
9614121
9614146
9614150
9614177
9614220
9614266
9614301
9614326
9614359
9614381
9614423
9614453
9614476
9614515
9614541
9614576
9614622
9614658
9614668
9614740
9614792
9614838
9614865
96149
9614937
9614976
9614989
9614997
9615022
9615027
9615059
9615062
9615067
9615087
9615109
9615114
9615152
9615158
9615166
9615173
9615262
9615264
9615271
9615317
9615338
9615340
9615343
9615392
9615397
9615422
9615484
9615485
9615491
96155
9615501
9615515
9615521
9615536
9615547
9615552
9615557
9615568
9615586
9615621
9615632
9615633
9615636
9615639
9615658
9615667
9615668
9615670
9615671
9615676
9615682
9615683
9615685
9615686
9615689
9615695
9615697
9615698
9615699
9615700
9615701
9615702
9615704
9615705
9615707
9615708
9615710
9615712
9615713
9615715
9615717
9615718
9615719
9615720
9615721
9615723
9615726
9615727
9615728
9615730
9615731
9615732
9615733
9615734
9615737
9615738
9615740
9615741
9615742
9615743
9615744
9615745
9615747
9615748
9615749
9615751
9615752
9615755
96198
9625
96255
96350
96432
96467
9651
96613
96622
9668
96718
96724
96745
96759
96788
96836
96889
96907
96942
96951
96987
97026
97048
97062
97089
9709
97102
97183
97185
97206
9725
97276
97292
97298
97337
97364
97367
97370
97386
97396
97482
97485
97498
97550
97624
97658
97688
97709
978
97883
97923
97936
97982
98076
9809
98094
9810
98112
9813
98132
98151
98153
9817
9819
98234
98256
98372
9840
98432
98483
98534
98569
9857
9859
98600
98612
98613
9867
98678
98812
98851
9898
9901
99015
99057
99088
99096
99138
99186
99192
99206
99272
99275
99281
99378
99433
99475
99494
99574
99661
99689
9975
99781
99783
99793
99811
99821
99873
99879
99886
99905
9993
99956
