486
642
670
770
911
2028
2194
5005
6544
6749
9610
10353
10756
11111
11931
12047
13606
15004
15113
17148
17643
42462
45356
53528
62545
63225
65771
68477
72433
78043
81924
91885
95310
98851
99886
109276
111040
119774
134308
136025
139006
144950
151243
163645
189751
193455
194344
198143
198459
213988
215287
222122
225812
226587
230231
233204
243683
269379
283092
286104
325010
325909
337503
345081
350340
354518
366521
389679
428682
435674
445603
493686
9475828
9493445
9493498
9545184
9578549
9593647
9598851
9598909
9600262
9600751
9601284
9602249
9602344
9602669
9602908
9603519
9603848
9604729
9604860
9605020
9605287
9605542
9605684
9606225
9606429
9606868
9607212
9607451
9607644
9608001
9608147
9608258
9608494
9609148
9610173
9610290
9612120
9612382
9613902
9614946
9614958
9615393
9615596
9615622
9615623
9615632
9615633
